1.00958107647065	3.06549653119693E-15	0.6646348706287	1.8614345537031E-13	0.25125391067817	1.68242239075076E-13
0.8673462220297	9.18864456280248E-15	0.74257979545915	9.33455776132493E-13	0.30269924192723	3.65768895321112E-13
0.92074192254756	9.18864456280248E-15	1.03321607980836	9.33455776132493E-13	0.50626590733492	3.65768895321112E-13
0.82275632715604	1.72494689620559E-14	0.35217982926813	1.17076352109797E-12	0.74175529447143	3.65768895321112E-13
0.90981118146139	1.72494689620559E-14	0.3738430656603	1.17076352109797E-12	0.27307266768953	3.14825266986098E-11
1.20654818688169	1.20292485798135E-13	0.40907799587173	1.17076352109797E-12	0.30930129248492	3.14825266986098E-11
1.04230501149337	5.15534305863184E-13	0.40907799587173	1.17076352109797E-12	0.3675275120857	3.14825266986098E-11
0.59886246266884	7.41443141697612E-13	0.29902599656093	1.27827250907917E-12	0.47366075473281	3.14825266986098E-11
0.65708868226962	7.41443141697612E-13	0.50259266196863	1.27827250907917E-12	0.31078719863177	1.42759408770518E-10
0.68345124047953	7.41443141697612E-13	0.50726640766851	1.27827250907917E-12	0.35585307463442	1.42759408770518E-10
0.82950471007417	7.41443141697612E-13	0.27407316802311	1.09723484806708E-10	0.40267237256958	1.42759408770518E-10
1.19589212633184	8.54806396177275E-13	0.37656825673785	1.09723484806708E-10	0.41744608554224	1.42759408770518E-10
0.92712150210008	2.28669705127457E-12	0.46712537767848	1.09723484806708E-10	0.46426538347739	1.42759408770518E-10
0.42161515154307	3.40361752999244E-12	0.46712537767848	1.09723484806708E-10	0.46441438091119	1.42759408770518E-10
0.47984137114384	3.40361752999244E-12	0.49997326788145	1.09723484806708E-10	0.59913797644322	2.39089457822202E-10
0.50359316230221	3.40361752999244E-12	0.51878851735164	1.09723484806708E-10	0.31180400892015	4.65438444040678E-10
0.52931841250679	3.40361752999244E-12	0.54094404022383	1.09723484806708E-10	0.34951853986239	4.65438444040678E-10
0.61254097170372	3.40361752999244E-12	0.55171415548918	1.09723484806708E-10	0.36074662373398	4.65438444040678E-10
0.6212035864446	3.40361752999244E-12	0.57359086150747	1.09723484806708E-10	0.41897284333476	4.65438444040678E-10
0.62518181695076	3.40361752999244E-12	0.60435837762345	1.09723484806708E-10	0.44533540154467	4.65438444040678E-10
0.63281684841424	3.40361752999244E-12	0.64483224333252	1.09723484806708E-10	0.55308520527008	4.65438444040678E-10
0.63281684841424	3.40361752999244E-12	0.66076192763592	1.09723484806708E-10	0.60180127328293	4.65438444040678E-10
0.6474111252776	3.40361752999244E-12	0.70246246938802	1.09723484806708E-10	0.27354460057654	5.22871122628068E-09
0.67810175304821	3.40361752999244E-12	0.73671741727034	1.09723484806708E-10	0.48178501168411	5.22871122628068E-09
0.67810175304821	3.40361752999244E-12	0.76123746092515	1.09723484806708E-10	0.16749872591504	8.50796263125124E-09
0.68340803655153	3.40361752999244E-12	0.93164099717464	1.09723484806708E-10	0.21613738641022	8.50796263125124E-09
0.68594443911239	3.40361752999244E-12	1.0272799804524	1.26833069940148E-10	0.40976331867603	8.50796263125124E-09
0.70420050601557	3.40361752999244E-12	0.29407093630928	3.44952850323769E-10	0.49357670240295	8.50796263125124E-09
0.7071598277099	3.40361752999244E-12	0.5162828293111	3.44952850323769E-10	0.55806042852063	8.50796263125124E-09
0.74713552349429	3.40361752999244E-12	0.54267607568041	3.44952850323769E-10	0.19414082953461	1.16812978737668E-08
0.75457995969221	3.40361752999244E-12	0.56310212724626	3.44952850323769E-10	0.20635641730274	1.16812978737668E-08
0.7679079850347	3.40361752999244E-12	0.57022555900599	3.44952850323769E-10	0.22657955342078	1.16812978737668E-08
0.81217685414865	3.40361752999244E-12	0.57668869052771	3.44952850323769E-10	0.23814115879705	1.16812978737668E-08
0.82144151677125	3.40361752999244E-12	0.58666036635994	3.44952850323769E-10	0.28900960566812	1.16812978737668E-08
0.82582268478681	3.40361752999244E-12	0.63533006669495	3.44952850323769E-10	0.38005773826641	1.16812978737668E-08
0.82819697662513	3.40361752999244E-12	0.63553651324505	3.44952850323769E-10	0.63656507916732	1.16812978737668E-08
0.8528895892155	3.40361752999244E-12	0.64796423440189	3.44952850323769E-10	0.66112909669247	1.16812978737668E-08
0.86067120408727	3.40361752999244E-12	0.66909531596476	3.44952850323769E-10	0.2930704359757	1.49852856451089E-08
0.89992040549912	3.40361752999244E-12	0.85262972918392	3.44952850323769E-10	0.33585663140263	1.49852856451089E-08
0.90210480202306	3.40361752999244E-12	0.87076985506611	3.44952850323769E-10	0.35875323751948	1.49852856451089E-08
0.93894520318037	3.40361752999244E-12	0.91135990872575	3.44952850323769E-10	0.37706316736196	1.49852856451089E-08
0.98238389345599	3.40361752999244E-12	1.00622462780584	3.44952850323769E-10	0.38495560991351	1.49852856451089E-08
1.00324592578928	3.40361752999244E-12	1.02493537277189	3.44952850323769E-10	0.38495560991351	1.49852856451089E-08
1.04672118585244	3.40361752999244E-12	0.60895690023661	3.79770078209872E-10	0.40660406031405	1.49852856451089E-08
0.2612951556639	4.6554881507035E-12	0.63430746426425	3.79770078209872E-10	0.41390045644117	1.49852856451089E-08
0.38288381031245	4.6554881507035E-12	0.40668420289821	4.96731021894069E-10	0.42004092939295	1.49852856451089E-08
0.40301095753191	4.6554881507035E-12	0.44789073885754	4.96731021894069E-10	0.44185377651711	1.49852856451089E-08
0.44111002991323	4.6554881507035E-12	0.45350350083336	4.96731021894069E-10	0.44545525781552	1.49852856451089E-08
0.46486182107159	4.6554881507035E-12	0.46853506643789	4.96731021894069E-10	0.45756243128478	1.49852856451089E-08
0.46747258812314	4.6554881507035E-12	0.49086850088854	4.96731021894069E-10	0.48587634250093	1.49852856451089E-08
0.47476898425026	4.6554881507035E-12	0.52210420446016	4.96731021894069E-10	0.49351691619027	1.49852856451089E-08
0.48719525552224	4.6554881507035E-12	0.55679892761034	4.96731021894069E-10	0.49848923425187	1.49852856451089E-08
0.51260958394481	4.6554881507035E-12	0.5604202403757	4.96731021894069E-10	0.54020326311932	1.49852856451089E-08
0.52619614722626	4.6554881507035E-12	0.6110308346149	4.96731021894069E-10	0.60705054052863	1.49852856451089E-08
0.53166715085386	4.6554881507035E-12	0.61881817472864	4.96731021894069E-10	0.61531540125746	1.49852856451089E-08
0.53166715085386	4.6554881507035E-12	0.66413770491446	4.96731021894069E-10	0.40146164692956	1.57322352355191E-08
0.53299520385104	4.6554881507035E-12	0.66413770491446	4.96731021894069E-10	0.45767084558364	1.57322352355191E-08
0.53636199515807	4.6554881507035E-12	0.66898154665246	4.96731021894069E-10	0.66831229389043	1.57322352355191E-08
0.5567469950094	4.6554881507035E-12	0.72521488022958	4.96731021894069E-10	0.41970405181791	1.67972721849551E-08
0.55776590382123	4.6554881507035E-12	0.82402446712333	4.96731021894069E-10	0.53295439009911	1.67972721849551E-08
0.55935776206095	4.6554881507035E-12	0.8375993296548	4.96731021894069E-10	0.51643696375599	2.09079695154279E-08
0.58989337045464	4.6554881507035E-12	0.8477762582817	4.96731021894069E-10	0.67637382998718	2.09079695154279E-08
0.59458821475885	4.6554881507035E-12	0.38772557860728	5.50067656580251E-10	0.3510331391342	4.70192765356047E-08
0.60735758924861	4.6554881507035E-12	0.63629436120397	5.53026145087573E-10	0.51536005424249	4.9344813632944E-08
0.61364516161301	4.6554881507035E-12	0.62673709688029	8.3134131652184E-10	0.57358627384327	4.9344813632944E-08
0.61625592866456	4.6554881507035E-12	0.35707337836768	1.08431867274947E-09	0.58621270421609	4.9344813632944E-08
0.62095077296876	4.6554881507035E-12	0.41529959796846	1.08431867274947E-09	0.612575262426	4.9344813632944E-08
0.64122199734936	4.6554881507035E-12	0.44166215617838	1.08431867274947E-09	0.50400924259915	5.19958233680517E-08
0.6415565101278	4.6554881507035E-12	0.55408570560366	1.08431867274947E-09	0.21853930910222	5.87010149398816E-08
0.66530830128617	4.6554881507035E-12	0.56064004377538	1.08431867274947E-09	0.27755072522584	5.87010149398816E-08
0.68749167745358	4.6554881507035E-12	0.57832504966139	1.08431867274947E-09	0.28224556953004	5.87010149398816E-08
0.70512877559421	4.6554881507035E-12	0.60061573955976	1.08431867274947E-09	0.33180177720631	5.87010149398816E-08
0.72101912932158	4.6554881507035E-12	0.626776002964	1.08431867274947E-09	0.33407262502458	5.87010149398816E-08
0.72811298488089	4.6554881507035E-12	0.64522882158607	1.08431867274947E-09	0.3753628939622	5.87010149398816E-08
0.73337924188006	4.6554881507035E-12	0.68520451737045	1.08431867274947E-09	0.46414967336266	5.87010149398816E-08
0.74905549196966	4.6554881507035E-12	0.69790366857905	1.08431867274947E-09	0.48471517633303	5.87010149398816E-08
0.80125919044572	4.6554881507035E-12	0.73700022005315	1.08431867274947E-09	0.52761730712759	5.87010149398816E-08
0.80144425796644	4.6554881507035E-12	0.75765237101135	1.08431867274947E-09	0.56086364363115	5.87010149398816E-08
0.90909572537082	4.6554881507035E-12	0.76899204748906	1.08431867274947E-09	0.68762756079243	6.26292124958204E-08
0.67815856530267	5.30359553791898E-12	0.99107464917569	1.08431867274947E-09	0.62449880518974	7.17000743355322E-08
0.57122605933958	7.34689992632554E-12	0.99314175814786	1.08431867274947E-09	0.18644425498263	7.41617908416385E-08
0.61197817434423	7.34689992632554E-12	1.04056210108002	2.67594943959744E-09	0.39062181355683	7.41617908416385E-08
0.72883138227416	7.34689992632554E-12	0.37636339429578	3.62802217908357E-09	0.4904801730626	7.41617908416385E-08
0.78925244174893	7.34689992632554E-12	0.38105823859999	3.62802217908357E-09	0.59486528280459	7.41617908416385E-08
0.84160925936251	7.34689992632554E-12	0.40246214726314	3.62802217908357E-09	0.62593110237948	7.41617908416385E-08
1.21941230423749	8.27028137357265E-12	0.48990345703665	3.62802217908357E-09	0.5669079754885	8.6083478463143E-08
0.77473246532972	1.68924711812078E-11	0.51799546318551	3.62802217908357E-09	0.12876738468442	2.37282562902754E-07
0.42116480282703	2.58167485590405E-11	0.53854211753183	3.62802217908357E-09	0.1774060451796	2.37282562902754E-07
0.43214721949564	2.58167485590405E-11	0.65420650832793	3.62802217908357E-09	0.35419558555282	2.37282562902754E-07
0.46765791709578	2.58167485590405E-11	0.67851051306188	3.62802217908357E-09	0.44903094726395	2.5245587314791E-07
0.53842317949971	2.58167485590405E-11	0.7071362150879	3.62802217908357E-09	0.89226198010575	2.71722879849289E-07
0.75355145028367	2.58167485590405E-11	0.72492037013207	3.62802217908357E-09	0.24082999900059	2.91624782965809E-07
1.13345678392839	3.97421484976524E-11	0.74905430787926	3.62802217908357E-09	0.31846472735859	2.91624782965809E-07
0.31934253747065	8.56940513195733E-11	0.85382212780339	3.62802217908357E-09	0.35636331492295	2.91624782965809E-07
0.57533071145144	8.56940513195733E-11	0.91432392965414	3.62802217908357E-09	0.3753628939622	2.91624782965809E-07
0.58736579431354	8.56940513195733E-11	1.15813411777691	3.62802217908357E-09	0.37564922180954	2.91624782965809E-07
0.74553905926034	8.56940513195733E-11	0.60895105625832	8.342148963384E-09	0.44439666440828	2.91624782965809E-07
0.6342688642426	1.41784037257195E-10	0.83993638196687	8.342148963384E-09	0.49630112835243	2.91624782965809E-07
0.75288117018379	1.41784037257195E-10	0.99499939929296	8.342148963384E-09	0.60474986023555	2.91624782965809E-07
0.83600021668877	1.41784037257195E-10	0.83484757766675	9.41932751636948E-09	0.6123712262989	2.91624782965809E-07
0.98552215833462	1.41784037257195E-10	0.62360406794278	1.48912811007582E-08	0.69725714041809	2.91624782965809E-07
0.55444523021203	2.23673648653231E-10	0.129767885018	1.85449746676776E-08	0.74776841103743	2.91624782965809E-07
0.58262892728775	2.23673648653231E-10	0.17840654551318	1.85449746676776E-08	0.55498907593764	3.57323997851865E-07
0.59530336818448	2.23673648653231E-10	0.22758005375436	1.85449746676776E-08	0.42375346724447	3.97715207943616E-07
0.60308389070721	2.23673648653231E-10	0.31330229823717	1.85449746676776E-08	0.4781807507732	4.61734839047158E-07
0.62801796976043	2.23673648653231E-10	0.38124200243772	1.85449746676776E-08	0.50173240507903	4.61734839047158E-07
0.62867832291027	2.23673648653231E-10	0.49723422726586	1.85449746676776E-08	0.5966736210581	4.61734839047158E-07
0.63337316721448	2.23673648653231E-10	0.54587288776104	1.85449746676776E-08	0.55191734378415	5.0849463957433E-07
0.69268092659855	2.23673648653231E-10	0.54778033462548	1.85449746676776E-08	0.64081761720073	5.16546533568529E-07
0.69737577090276	2.23673648653231E-10	0.58769863496692	1.85449746676776E-08	0.44903094726395	5.92790694267362E-07
0.70652388321288	2.23673648653231E-10	0.63255643071863	1.85449746676776E-08	0.461085138445	7.31698954362857E-07
0.71083668410685	2.23673648653231E-10	0.85777317373562	1.85449746676776E-08	0.49909583386847	8.00197531039701E-07
0.7123439485339	2.23673648653231E-10	0.89926930191673	1.85449746676776E-08	0.62732013265217	8.00197531039701E-07
0.74429157116796	2.23673648653231E-10	0.9562977393045	1.85449746676776E-08	0.64034883819057	9.29120192489899E-07
0.79907019875995	2.23673648653231E-10	0.50885722432777	2.14181627472222E-08	0.41618076019398	1.06242947388372E-06
0.80326175460457	2.23673648653231E-10	0.81244363456508	2.31331916394287E-08	0.72543620336487	1.1513867755946E-06
0.81353235919935	2.23673648653231E-10	0.43272769579628	2.68456056300328E-08	0.32232545678738	1.2902104499895E-06
0.84141230308861	2.23673648653231E-10	0.39613375555867	3.19866074841166E-08	0.36069333421034	1.2902104499895E-06
0.88478446464052	2.23673648653231E-10	0.45435997515945	3.19866074841166E-08	0.24508563114986	1.42507792088372E-06
0.89871508243367	2.23673648653231E-10	0.47811176631781	3.19866074841166E-08	0.26977824374024	1.42507792088372E-06
0.91088321760788	2.23673648653231E-10	0.48072253336936	3.19866074841166E-08	0.34807221917075	1.42507792088372E-06
0.91670759897251	2.23673648653231E-10	0.69522809895899	3.19866074841166E-08	0.40992308271043	1.42507792088372E-06
0.94274750850031	2.23673648653231E-10	0.73078046647112	3.25542128496518E-08	0.49422304886849	1.42507792088372E-06
0.95730010465145	2.23673648653231E-10	0.28516022792178	3.48193685255119E-08	0.5930455237481	1.42507792088372E-06
0.97886570282952	2.23673648653231E-10	0.32916055718422	3.48193685255119E-08	0.20209865776997	2.04393523238755E-06
0.99667439218954	2.23673648653231E-10	0.34380160408902	3.48193685255119E-08	0.22065255862223	2.04393523238755E-06
1.01255555776264	2.23673648653231E-10	0.36779398217163	3.48193685255119E-08	0.26929121911741	2.04393523238755E-06
1.01968374416209	2.23673648653231E-10	0.38780193335146	3.48193685255119E-08	0.27755072522584	2.04393523238755E-06
1.03092767588386	2.23673648653231E-10	0.39399635456566	3.48193685255119E-08	0.29398383170778	2.04393523238755E-06
1.03419480858784	2.23673648653231E-10	0.40760456064764	3.48193685255119E-08	0.33159198238329	2.04393523238755E-06
1.08494664391236	2.23673648653231E-10	0.42681981401221	3.48193685255119E-08	0.38981820198407	2.04393523238755E-06
0.91364795243917	2.49820525875192E-10	0.48261908330175	3.48193685255119E-08	0.52414169109889	2.04393523238755E-06
0.36509256641028	2.91360220915057E-10	0.48588152850347	3.48193685255119E-08	0.52768655719492	2.04393523238755E-06
0.37756875707143	2.91360220915057E-10	0.50593812066429	3.48193685255119E-08	0.55978319291005	2.04393523238755E-06
0.40393131528134	2.91360220915057E-10	0.50709997895256	3.48193685255119E-08	0.63661611523153	2.04393523238755E-06
0.42373394257752	2.91360220915057E-10	0.50748264876697	3.48193685255119E-08	0.63883885300082	2.04393523238755E-06
0.52290920287834	2.91360220915057E-10	0.51657732271305	3.48193685255119E-08	0.46952914944406	2.14132231320603E-06
0.54524263732899	2.91360220915057E-10	0.53488725255553	3.48193685255119E-08	0.61413838676782	2.14132231320603E-06
0.54564711714935	2.91360220915057E-10	0.54277969510707	3.48193685255119E-08	0.6221869413376	2.73104225598569E-06
0.58685365310869	2.91360220915057E-10	0.54747453941128	3.48193685255119E-08	0.49567834359857	3.69090197947979E-06
0.60749798068903	2.91360220915057E-10	0.58791677439931	3.48193685255119E-08	0.50524779461472	3.69090197947979E-06
0.61481959104403	2.91360220915057E-10	0.59052689847498	3.48193685255119E-08	0.61584067732494	3.69090197947979E-06
0.64583274366611	2.91360220915057E-10	0.61484630941709	3.48193685255119E-08	0.6542332354921	3.69090197947979E-06
0.64583274366611	2.91360220915057E-10	0.63516560763453	3.48193685255119E-08	0.67674577438417	3.69090197947979E-06
0.64831440770341	2.91360220915057E-10	0.65330099243728	3.48193685255119E-08	0.71752556358431	3.69090197947979E-06
0.66551810079835	2.91360220915057E-10	0.66869136100231	3.48193685255119E-08	0.42089048894888	4.71902278149347E-06
0.66883230684371	2.91360220915057E-10	0.66907821642165	3.48193685255119E-08	0.42527165696444	4.71902278149347E-06
0.67451678009743	2.91360220915057E-10	0.67307252901787	3.48193685255119E-08	0.45591365441607	4.71902278149347E-06
0.68720652004113	2.91360220915057E-10	0.71277694269285	3.48193685255119E-08	0.47391031745962	4.71902278149347E-06
0.6987681254174	2.91360220915057E-10	0.73187957790301	3.48193685255119E-08	0.50455231491125	4.71902278149347E-06
0.70111112480103	2.91360220915057E-10	0.77673664453552	3.48193685255119E-08	0.61333399855523	5.39104545385871E-06
0.75861233979154	2.91360220915057E-10	0.84110738880686	3.48193685255119E-08	0.61406187712522	5.39104545385871E-06
0.77998684072959	2.91360220915057E-10	0.84666569901428	3.48193685255119E-08	0.51133530567575	5.92126131745983E-06
0.78754854553412	2.91360220915057E-10	0.87072039038045	3.48193685255119E-08	0.49860293004999	9.47836002556837E-06
0.80290917519404	2.91360220915057E-10	0.91774192562792	3.48193685255119E-08	0.44926318972406	1.1356904666203E-05
0.81488577643835	2.91360220915057E-10	0.92956244074962	3.48193685255119E-08	0.47796831178045	1.1356904666203E-05
0.87832469357141	2.91360220915057E-10	1.01966755365431	3.48193685255119E-08	0.48234947979601	1.1356904666203E-05
0.88525048789951	2.91360220915057E-10	0.61524963282594	3.90245243383084E-08	0.54912154922984	1.1356904666203E-05
0.8992114006249	2.91360220915057E-10	0.50590992103103	4.85620135362274E-08	0.6859161452037	1.20338692387246E-05
0.928883856796	2.91360220915057E-10	0.54556854670633	4.85620135362274E-08	0.50052200387003	1.27370336846442E-05
0.96417037071848	2.91360220915057E-10	0.54556854670633	4.85620135362274E-08	0.48287649559483	1.66112030185613E-05
0.96714310717757	2.91360220915057E-10	0.7909838240486	4.85620135362274E-08	0.60027498981214	1.66112030185613E-05
1.03337433900923	2.91360220915057E-10	0.76664390461481	4.92371636226045E-08	0.75258515471617	3.37324290520538E-05
1.09847405825904	2.91360220915057E-10	0.86897580554032	4.92371636226045E-08	0.49422176203443	3.87199972569504E-05
1.16873952834955	2.91360220915057E-10	0.77256401489977	5.25122934165932E-08	0.53915787717208	5.4066392209508E-05
0.93773124462774	3.93626732444954E-10	0.20309915810355	5.42004411985073E-08		
0.82322681526833	4.79018352662796E-10	0.29737581568991	5.42004411985073E-08		
0.96051042873062	5.03097795474008E-10	0.35601719185714	5.42004411985073E-08		
0.98044175339512	5.03097795474008E-10	0.37203247777899	5.42004411985073E-08		
1.04090841222824	5.03097795474008E-10	0.39466887658037	5.42004411985073E-08		
1.20852820884568	5.03097795474008E-10	0.43325701749466	5.42004411985073E-08		
1.04042123164828	7.41813803321702E-10	0.45331025274761	5.42004411985073E-08		
1.00856537950605	9.93023983491561E-10	0.45441358638446	5.42004411985073E-08		
0.47459189989497	1.20324955027242E-09	0.4641651521821	5.42004411985073E-08		
0.35598779941737	1.31685691146635E-09	0.50194891324278	5.42004411985073E-08		
0.40280709735252	1.31685691146635E-09	0.55928573212313	5.42004411985073E-08		
0.4146291755846	1.31685691146635E-09	0.63684466596677	5.42004411985073E-08		
0.45855315010286	1.31685691146635E-09	0.63726580037422	5.42004411985073E-08		
0.46144847351976	1.31685691146635E-09	0.65087331828246	5.42004411985073E-08		
0.46953556677147	1.31685691146635E-09	0.6876240532233	5.42004411985073E-08		
0.51635486470662	1.31685691146635E-09	0.68892894004738	5.42004411985073E-08		
0.51728332964469	1.31685691146635E-09	0.68943006239676	5.42004411985073E-08		
0.60571482405111	1.31685691146635E-09	0.6935838950518	5.42004411985073E-08		
0.62512951819771	1.31685691146635E-09	0.70601161620864	5.42004411985073E-08		
0.64978356975895	1.31685691146635E-09	0.73274735686347	5.42004411985073E-08		
0.65245790459882	1.31685691146635E-09	0.73738870161394	5.42004411985073E-08		
0.67059263063506	1.31685691146635E-09	0.74303584008636	5.42004411985073E-08		
0.67310223217916	1.31685691146635E-09	0.7554635612432	5.42004411985073E-08		
0.67500691457691	1.31685691146635E-09	0.78614403266525	5.42004411985073E-08		
0.69155485359269	1.31685691146635E-09	0.79817197065328	5.42004411985073E-08		
0.69927720253397	1.31685691146635E-09	0.81569548814596	5.42004411985073E-08		
0.69970738080991	1.31685691146635E-09	0.83014436192769	5.42004411985073E-08		
0.70986757838377	1.31685691146635E-09	0.89059622228777	5.42004411985073E-08		
0.73522899126117	1.31685691146635E-09	0.49314492761508	5.72771179494993E-08		
0.75698492533605	1.31685691146635E-09	0.52721380106342	5.72771179494993E-08		
0.7595956923876	1.31685691146635E-09	0.71835522759146	5.72771179494993E-08		
0.76397686040316	1.31685691146635E-09	0.7307829487483	5.72771179494993E-08		
0.76679874785613	1.31685691146635E-09	0.87515597489068	5.72771179494993E-08		
0.78305219811012	1.31685691146635E-09	0.5632347301222	5.97439663648409E-08		
0.81559800035618	1.31685691146635E-09	0.73260329989016	5.97439663648409E-08		
0.82502496745691	1.31685691146635E-09	0.73500040801233	6.23721347061051E-08		
0.82599574672661	1.31685691146635E-09	0.36929585562238	7.84686791768861E-08		
0.83427222809414	1.31685691146635E-09	0.41050239158171	7.84686791768861E-08		
0.8412784177109	1.31685691146635E-09	0.43114671916206	7.84686791768861E-08		
0.86241729829133	1.31685691146635E-09	0.52209317235472	7.84686791768861E-08		
0.90080288831144	1.31685691146635E-09	0.52303189309987	7.84686791768861E-08		
0.90851454972415	1.31685691146635E-09	0.54710284032365	7.84686791768861E-08		
0.90859161931567	1.31685691146635E-09	0.5625302896719	7.84686791768861E-08		
0.91629509867617	1.31685691146635E-09	0.67935792910466	7.84686791768861E-08		
0.93778715271473	1.31685691146635E-09	0.709752492533	7.84686791768861E-08		
0.95541091725082	1.31685691146635E-09	0.76503933871791	1.09507065207487E-07		
0.9629415885263	1.31685691146635E-09	0.94323986120015	1.09507065207487E-07		
1.02772837262626	1.31685691146635E-09	0.68805754475117	1.17284820339346E-07		
0.36879448250522	1.3577707015161E-09	0.92657239918142	1.17284820339346E-07		
0.39499685489924	1.3577707015161E-09	0.75499848795638	1.24602040607907E-07		
0.44373171086369	1.3577707015161E-09	0.86178144687087	1.24602040607907E-07		
0.48765568538194	1.3577707015161E-09	0.91383024313226	1.24602040607907E-07		
0.48948296016639	1.3577707015161E-09	1.05342923604749	1.24602040607907E-07		
0.55696490714127	1.3577707015161E-09	0.51970315801883	1.28093037700381E-07		
0.56509107077206	1.3577707015161E-09	0.51851741940391	1.33957428996621E-07		
0.5775187919289	1.3577707015161E-09	0.54355984989131	1.33957428996621E-07		
0.59466136104273	1.3577707015161E-09	0.6490219137267	1.33957428996621E-07		
0.59570111101209	1.3577707015161E-09	0.70808362821796	1.33957428996621E-07		
0.60560356763645	1.3577707015161E-09	0.75061619629812	1.33957428996621E-07		
0.61074265217313	1.3577707015161E-09	0.3607976421274	1.71935723541793E-07		
0.61829697387932	1.3577707015161E-09	0.41334485517455	1.71935723541793E-07		
0.62010891078612	1.3577707015161E-09	0.44521498393999	1.71935723541793E-07		
0.63369547406758	1.3577707015161E-09	0.44780901911703	1.71935723541793E-07		
0.64513272924678	1.3577707015161E-09	0.45171273259751	1.71935723541793E-07		
0.6598978464616	1.3577707015161E-09	0.51477286563164	1.71935723541793E-07		
0.6791347426267	1.3577707015161E-09	0.57063722781525	1.71935723541793E-07		
0.6875862849499	1.3577707015161E-09	0.57336887818318	1.71935723541793E-07		
0.69102281711349	1.3577707015161E-09	0.64293674217132	1.71935723541793E-07		
0.69233685023482	1.3577707015161E-09	0.78375518757305	1.71935723541793E-07		
0.71294186120759	1.3577707015161E-09	0.7992682060967	1.71935723541793E-07		
0.71853922262884	1.3577707015161E-09	0.90729016518504	1.71935723541793E-07		
0.72086232456482	1.3577707015161E-09	0.6711798787527	1.78342533245396E-07		
0.73626082475308	1.3577707015161E-09	1.05849963666803	1.78342533245396E-07		
0.7407973884473	1.3577707015161E-09	0.60588095405011	1.81230536576534E-07		
0.75438395172875	1.3577707015161E-09	0.56198927691866	2.53286614189712E-07		
0.75812566822718	1.3577707015161E-09	0.56198927691866	2.53286614189712E-07		
0.77055338938402	1.3577707015161E-09	0.57420486468678	2.53286614189712E-07		
0.7949910042949	1.3577707015161E-09	0.60465746307633	2.53286614189712E-07		
0.79614759122667	1.3577707015161E-09	0.62328813893946	2.53286614189712E-07		
0.80373775942342	1.3577707015161E-09	0.8500236979137	2.53286614189712E-07		
0.81640549905297	1.3577707015161E-09	0.7393899232597	3.21509225688307E-07		
0.82119337668893	1.3577707015161E-09	0.89799495343634	3.21509225688307E-07		
0.8287796089848	1.3577707015161E-09	0.76436431148335	3.48373453457607E-07		
0.84271444603787	1.3577707015161E-09	0.83073774672737	3.48373453457607E-07		
0.85253140014316	1.3577707015161E-09	0.31946522769218	3.89138971504669E-07		
0.85601789491277	1.3577707015161E-09	0.37636339429578	3.89138971504669E-07		
0.85694930241425	1.3577707015161E-09	0.40652532340225	3.89138971504669E-07		
0.85697160416083	1.3577707015161E-09	0.45060644128054	3.89138971504669E-07		
0.8570387171271	1.3577707015161E-09	0.46527530665017	3.89138971504669E-07		
0.85925007058764	1.3577707015161E-09	0.47583031860271	3.89138971504669E-07		
0.90067989765384	1.3577707015161E-09	0.49189671021815	3.89138971504669E-07		
0.91366503741444	1.3577707015161E-09	0.52408432603439	3.89138971504669E-07		
0.92617728541545	1.3577707015161E-09	0.52446897909789	3.89138971504669E-07		
0.93532450174088	1.3577707015161E-09	0.57993005970347	3.89138971504669E-07		
0.93693093126784	1.3577707015161E-09	0.60598960618109	3.89138971504669E-07		
0.96408703838452	1.3577707015161E-09	0.63961764195676	3.89138971504669E-07		
0.96733412836994	1.3577707015161E-09	0.74435946357505	3.89138971504669E-07		
1.06291124278848	1.3577707015161E-09	0.7720484681297	3.89138971504669E-07		
1.06430380173145	1.3577707015161E-09	0.85535912122072	3.89138971504669E-07		
1.1144302798036	1.3577707015161E-09	0.66082691291411	4.14196541339445E-07		
1.24575165837058	1.3577707015161E-09	0.73415818599966	4.14196541339445E-07		
1.27054854627844	1.3577707015161E-09	0.80916880187692	4.14196541339445E-07		
0.22858055408795	1.44659900514836E-09	0.94728359454078	4.21012162940172E-07		
0.32335263409067	1.44659900514836E-09	0.45428445050113	5.09530131185604E-07		
0.34411387001032	1.44659900514836E-09	0.47289713117891	5.09530131185604E-07		
0.37199129458585	1.44659900514836E-09	0.55472632348602	5.09530131185604E-07		
0.43072147412767	1.44659900514836E-09	0.63762669112428	5.09530131185604E-07		
0.43214721949564	1.44659900514836E-09	0.64840418772848	5.09530131185604E-07		
0.44310970425036	1.44659900514836E-09	0.65452238082778	5.09530131185604E-07		
0.47989498236886	1.44659900514836E-09	0.65890354884334	5.09530131185604E-07		
0.47989498236886	1.44659900514836E-09	0.67025963940839	5.09530131185604E-07		
0.49174836474554	1.44659900514836E-09	0.679540107458	5.09530131185604E-07		
0.50688704730983	1.44659900514836E-09	0.73764113447805	5.09530131185604E-07		
0.54092187298672	1.44659900514836E-09	0.76393750365085	5.09530131185604E-07		
0.54389758605713	1.44659900514836E-09	0.78322341053744	5.09530131185604E-07		
0.57482675151039	1.44659900514836E-09	0.79641986780074	5.09530131185604E-07		
0.5886991353005	1.44659900514836E-09	0.79739239071197	5.09530131185604E-07		
0.59542829829122	1.44659900514836E-09	0.80638857707679	5.09530131185604E-07		
0.59604689633581	1.44659900514836E-09	0.84995782923838	5.09530131185604E-07		
0.62664411746952	1.44659900514836E-09	0.85000100291742	5.09530131185604E-07		
0.64559201391432	1.44659900514836E-09	0.86905372977041	5.09530131185604E-07		
0.65477707587763	1.44659900514836E-09	0.92913425114578	5.09530131185604E-07		
0.66763660663215	1.44659900514836E-09	0.96192622449453	5.09530131185604E-07		
0.80597295885677	1.44659900514836E-09	0.67758658557893	8.29307393911816E-07		
0.76300682839601	1.46589706100366E-09	0.75926916621774	8.29307393911816E-07		
0.80066987638289	1.46589706100366E-09	0.57341424179888	9.18784988644612E-07		
0.86515360250056	1.46589706100366E-09	0.61733821631714	9.18784988644612E-07		
0.90878860894109	1.46589706100366E-09	0.67606839585896	9.18784988644612E-07		
1.01116568447811	1.46589706100366E-09	0.82553616094518	9.18784988644612E-07		
1.01881555118392	1.46589706100366E-09	0.64210561116086	1.06625842582553E-06		
1.08769160760225	1.46589706100366E-09	0.65524709622949	1.06625842582553E-06		
1.11400952075424	1.46589706100366E-09	0.84208316545603	1.06625842582553E-06		
1.20212759017505	1.46589706100366E-09	0.7346644084105	1.17392838898494E-06		
1.14779386660954	1.57150479136991E-09	0.88320305371806	1.17392838898494E-06		
0.7998423381754	1.62477620035921E-09	0.64029105398426	1.28950551678781E-06		
0.81408469489094	1.62477620035921E-09	0.68892971447943	1.28950551678781E-06		
1.08831590438326	1.62477620035921E-09	0.76663015537717	1.54587829752961E-06		
0.75988334522711	1.70574738477469E-09	0.27148368688601	1.54970809231321E-06		
0.80852200572229	1.70574738477469E-09	0.32012234738119	1.54970809231321E-06		
0.9634500106348	1.70574738477469E-09	0.36132888334053	1.54970809231321E-06		
1.06496428490228	1.70574738477469E-09	0.38197321092087	1.54970809231321E-06		
0.64192161540716	2.16523372796894E-09	0.40430664537152	1.54970809231321E-06		
0.64192161540716	2.16523372796894E-09	0.46005309461833	1.54970809231321E-06		
0.67963614634939	2.16523372796894E-09	0.47012588309715	1.54970809231321E-06		
0.67963614634939	2.16523372796894E-09	0.5392023980955	1.54970809231321E-06		
0.69086423022099	2.16523372796894E-09	0.5688239375622	1.54970809231321E-06		
0.69086423022099	2.16523372796894E-09	0.63953742913132	1.64756764565494E-06		
0.72881457311125	2.16523372796894E-09	0.87285218432925	1.75007988839128E-06		
0.73614913485496	2.16523372796894E-09	0.62664088998008	1.77681315227162E-06		
0.74399182091913	2.16523372796894E-09	0.3860214959309	1.97875026240682E-06		
0.74909044982177	2.16523372796894E-09	0.60127549014572	2.64540741335491E-06		
0.74909044982177	2.16523372796894E-09	0.78054360945279	2.64540741335491E-06		
0.76531880212276	2.16523372796894E-09	0.78898957121443	2.64540741335491E-06		
0.76999254782264	2.16523372796894E-09	0.96346594728013	2.64540741335491E-06		
0.79004728489504	2.16523372796894E-09	0.71425991714519	2.72099741170859E-06		
0.79373560016259	2.16523372796894E-09	0.74550209285681	3.44120578238594E-06		
0.79670982297302	2.16523372796894E-09	0.73619615293589	3.55181569943472E-06		
0.82073791266565	2.16523372796894E-09	0.87391673753213	3.55181569943472E-06		
0.82858059872983	2.16523372796894E-09	0.7180949113637	3.6966308361693E-06		
0.83492745177973	2.16523372796894E-09	0.40666582351124	4.69691495397295E-06		
0.85148044947792	2.16523372796894E-09	0.50645039528427	4.69691495397295E-06		
0.85891036593869	2.16523372796894E-09	0.54916159168826	4.69691495397295E-06		
0.87240105233881	2.16523372796894E-09	0.57497281936267	4.69691495397295E-06		
0.88387006659357	2.16523372796894E-09	0.66429825445166	4.69691495397295E-06		
0.88568595504571	2.16523372796894E-09	0.70231768737932	4.69691495397295E-06		
0.9145120640452	2.16523372796894E-09	0.78861811614575	4.69691495397295E-06		
0.9199008943961	2.16523372796894E-09	0.81150170036652	4.69691495397295E-06		
0.92894334662652	2.16523372796894E-09	0.8335389518032	4.69691495397295E-06		
0.93587851317763	2.16523372796894E-09	0.88607265740151	4.69691495397295E-06		
0.94628784203897	2.16523372796894E-09	0.67155306085311	4.79160102515082E-06		
0.95291488564999	2.16523372796894E-09	0.70424609153992	4.79160102515082E-06		
0.95491037912331	2.16523372796894E-09	0.78746603577402	4.79160102515082E-06		
0.95671219538587	2.16523372796894E-09	0.80953348008289	5.9560311096728E-06		
0.96551401151068	2.16523372796894E-09	0.5159949822554	6.43296393769546E-06		
0.98747574634462	2.16523372796894E-09	0.64548830686872	6.43296393769546E-06		
0.99786999704581	2.16523372796894E-09	0.64816619715228	6.43296393769546E-06		
1.01735443641645	2.16523372796894E-09	0.66867462575505	6.43296393769546E-06		
1.02130697610355	2.16523372796894E-09	0.7037145264695	6.43296393769546E-06		
1.06129330759603	2.16523372796894E-09	0.71644146246998	6.43296393769546E-06		
1.06864220682609	2.16523372796894E-09	0.7220840848116	6.43296393769546E-06		
1.07029446069104	2.16523372796894E-09	0.78194378460796	6.43296393769546E-06		
1.11004621530657	2.16523372796894E-09	0.81845148217427	6.43296393769546E-06		
1.16677065112405	2.16523372796894E-09	0.90241367676054	6.43296393769546E-06		
1.19783852558649	2.16523372796894E-09	0.9067948447761	6.43296393769546E-06		
0.80206871256183	2.20241486174477E-09	0.47485152401105	8.22186835746136E-06		
1.03168135027169	2.20241486174477E-09	0.65411964331812	8.22186835746136E-06		
1.22874287377492	2.20241486174477E-09	0.6622083295167	8.22186835746136E-06		
1.0534493295435	2.84707767868796E-09	0.70822858303056	8.22186835746136E-06		
0.63443245224271	2.91991332741052E-09	0.73090320142078	8.22186835746136E-06		
0.73272773856041	2.91991332741052E-09	0.76899208369392	8.22186835746136E-06		
0.86756456144043	2.91991332741052E-09	0.81988022152923	8.22186835746136E-06		
1.11298142732208	2.91991332741052E-09	0.8753622706492	8.22186835746136E-06		
1.32719130021971	2.91991332741052E-09	0.89208039531366	8.22186835746136E-06		
0.89551732980123	4.11386666302905E-09	0.9139668703374	8.22186835746136E-06		
0.31859945214153	4.21982401272874E-09	0.65530372796675	9.54638433044162E-06		
0.3633997768969	4.21982401272874E-09	0.52583981185432	1.03127022161124E-05		
0.37724082830877	4.21982401272874E-09	0.75171934298741	1.03127022161124E-05		
0.56832647677528	4.21982401272874E-09	0.79147280578657	1.11458986531737E-05		
0.57386302136365	4.21982401272874E-09	0.63953742913132	1.59299992095354E-05		
0.62684176656733	4.21982401272874E-09	0.71980091810388	1.59299992095354E-05		
0.64467742862944	4.21982401272874E-09	0.73553960260225	1.64936785142887E-05		
0.68557194610915	4.21982401272874E-09	0.78155985611611	1.64936785142887E-05		
0.68730290179106	4.21982401272874E-09	0.92056128139731	1.67756105116721E-05		
0.697048211058	4.21982401272874E-09	0.63201025435041	1.97553165269096E-05		
0.70331880479668	4.21982401272874E-09	0.90742082916075	2.08276413089169E-05		
0.71166714469383	4.21982401272874E-09	0.67269198403387	2.21505959673088E-05		
0.72521678079957	4.21982401272874E-09	0.83859870629271	2.21505959673088E-05		
0.73086611914476	4.21982401272874E-09	0.85102642744955	2.21505959673088E-05		
0.73743236856769	4.21982401272874E-09	0.86024181717219	2.21505959673088E-05		
0.74178810151562	4.21982401272874E-09	0.82771854702242	2.7462283331859E-05		
0.75568958722524	4.21982401272874E-09	0.79147280578657	0.00012172976949		
0.77774146808302	4.21982401272874E-09				
0.77820965308035	4.21982401272874E-09				
0.8115255041996	4.21982401272874E-09				
0.92319996350894	4.21982401272874E-09				
1.07166604756039	4.21982401272874E-09				
1.16147483051005	4.21982401272874E-09				
1.17021305035459	4.21982401272874E-09				
0.93224963203587	6.82227373845325E-09				
1.17199792935156	7.48584370851905E-09				
0.58951703055375	8.71451580933861E-09				
0.58951703055375	8.71451580933861E-09				
0.97768658624537	8.71451580933861E-09				
1.0079270512462	8.71451580933861E-09				
1.21427936114647	8.71451580933861E-09				
0.80213994765062	9.73042061091034E-09				
0.6311987620344	1.12334685276336E-08				
0.81492260073055	1.12334685276336E-08				
0.85892292999299	1.12334685276336E-08				
0.90906432953567	1.12334685276336E-08				
0.97943526770183	1.19298705234789E-08				
1.08963840783544	1.19298705234789E-08				
1.14206670924973	1.19298705234789E-08				
0.47267655739135	1.19514978999053E-08				
0.72479847653765	1.19514978999053E-08				
0.82918358627964	1.19514978999053E-08				
0.91989592057471	1.19514978999053E-08				
0.93795442922351	1.19514978999053E-08				
1.07645838578076	1.37811088332539E-08				
0.75148733877139	1.3888636137998E-08				
0.7516166966317	1.3888636137998E-08				
0.7828071744139	1.3888636137998E-08				
0.78756271018871	1.3888636137998E-08				
0.85954645872955	1.3888636137998E-08				
0.86108596518428	1.3888636137998E-08				
0.88276868796332	1.3888636137998E-08				
0.94544393657639	1.3888636137998E-08				
1.0592835504941	1.3888636137998E-08				
1.09762099057237	1.3888636137998E-08				
1.24017545203637	1.48324080290066E-08				
0.95932159247622	1.60362500812684E-08				
0.86716123803158	1.75305400582648E-08				
0.89193257057125	1.75305400582648E-08				
0.96202237307837	1.75305400582648E-08				
1.18214890718628	1.75305400582648E-08				
1.05040686832114	1.8167699631552E-08				
0.94133687347384	1.82460336334421E-08				
1.04102713891163	2.0758992570507E-08				
0.66742341914515	2.20094238402619E-08				
0.74843066791185	2.20094238402619E-08				
0.8379991176504	2.20094238402619E-08				
0.86915477159132	2.20094238402619E-08				
1.0724723837837	2.20094238402619E-08				
1.09607213556704	2.20094238402619E-08				
1.16430382494685	2.20094238402619E-08				
1.21223927163896	2.48445497533202E-08				
1.26350364693048	2.48445497533202E-08				
0.49348154565031	2.74584618920959E-08				
0.50810047928614	2.74584618920959E-08				
0.54865691558922	2.74584618920959E-08				
0.54865691558922	2.74584618920959E-08				
0.57178015630667	2.74584618920959E-08				
0.58464389920577	2.74584618920959E-08				
0.58933874350998	2.74584618920959E-08				
0.59542850113841	2.74584618920959E-08				
0.59542850113841	2.74584618920959E-08				
0.60795883879191	2.74584618920959E-08				
0.6084305264741	2.74584618920959E-08				
0.60901486157268	2.74584618920959E-08				
0.61312537077831	2.74584618920959E-08				
0.62867832291027	2.74584618920959E-08				
0.63578275999495	2.74584618920959E-08				
0.6675066333864	2.74584618920959E-08				
0.66765623773992	2.74584618920959E-08				
0.68606535156718	2.74584618920959E-08				
0.69017630359502	2.74584618920959E-08				
0.69268092659855	2.74584618920959E-08				
0.697048211058	2.74584618920959E-08				
0.71166714469383	2.74584618920959E-08				
0.73012259099343	2.74584618920959E-08				
0.75513242691789	2.74584618920959E-08				
0.75568958722524	2.74584618920959E-08				
0.77065412937787	2.74584618920959E-08				
0.77820965308035	2.74584618920959E-08				
0.78635599023197	2.74584618920959E-08				
0.78741461701855	2.74584618920959E-08				
0.80486104753327	2.74584618920959E-08				
0.81554965873669	2.74584618920959E-08				
0.81876584790197	2.74584618920959E-08				
0.81955952213823	2.74584618920959E-08				
0.83465019786131	2.74584618920959E-08				
0.84961853218504	2.74584618920959E-08				
0.86854489482004	2.74584618920959E-08				
0.87638064797552	2.74584618920959E-08				
0.87881699223563	2.74584618920959E-08				
0.93644760431368	2.74584618920959E-08				
0.93775579262684	2.74584618920959E-08				
0.95647610709659	2.74584618920959E-08				
0.97324395199086	2.74584618920959E-08				
0.99755180912027	2.74584618920959E-08				
0.99755180912027	2.74584618920959E-08				
1.00254355987558	2.74584618920959E-08				
1.00731341657087	2.74584618920959E-08				
1.02777481895247	2.74584618920959E-08				
1.03733124717935	2.74584618920959E-08				
1.04188194298341	2.74584618920959E-08				
1.08907846660448	2.74584618920959E-08				
1.10475903661725	2.74584618920959E-08				
1.1383737706503	2.74584618920959E-08				
1.1988662074913	2.74584618920959E-08				
1.33774017570479	2.74584618920959E-08				
0.96803384112161	3.51362331602832E-08				
0.80609201399616	3.78029653752892E-08				
0.81718881701544	3.92342181649332E-08				
0.92159848421106	3.92342181649332E-08				
0.97023714470624	3.92342181649332E-08				
0.9271911274954	5.11534704979047E-08				
0.94961878489491	5.11534704979047E-08				
0.95412667114084	5.11534704979047E-08				
0.63029618022682	5.38605092949257E-08				
0.47226140082489	5.9598807409357E-08				
0.89545005019898	5.9598807409357E-08				
1.14765827653956	6.19406931109856E-08				
0.90104222620184	6.26449780080105E-08				
1.03432652133741	6.26449780080105E-08				
0.64291970209509	6.35709815649436E-08				
1.01425995990933	6.5813902115059E-08				
0.43586055866436	6.93473768301085E-08				
0.52774573260217	6.93473768301085E-08				
0.53090277699213	6.93473768301085E-08				
0.53671265676725	6.93473768301085E-08				
0.55171682033256	6.93473768301085E-08				
0.57236114791291	6.93473768301085E-08				
0.59469458236355	6.93473768301085E-08				
0.59856352030693	6.93473768301085E-08				
0.62010891078612	6.93473768301085E-08				
0.63481735933019	6.93473768301085E-08				
0.63630703887893	6.93473768301085E-08				
0.66044626711813	6.93473768301085E-08				
0.69907969210554	6.93473768301085E-08				
0.71324058975285	6.93473768301085E-08				
0.71908764328537	6.93473768301085E-08				
0.72198842545864	6.93473768301085E-08				
0.74835098366855	6.93473768301085E-08				
0.74960223539944	6.93473768301085E-08				
0.75300687469768	6.93473768301085E-08				
0.76313806726952	6.93473768301085E-08				
0.79421341065701	6.93473768301085E-08				
0.81190764836624	6.93473768301085E-08				
0.81621131528434	6.93473768301085E-08				
0.8261411797913	6.93473768301085E-08				
0.82693186137695	6.93473768301085E-08				
0.837191172688	6.93473768301085E-08				
0.84594825309088	6.93473768301085E-08				
0.86977752667187	6.93473768301085E-08				
0.87609654856541	6.93473768301085E-08				
0.90058029788604	6.93473768301085E-08				
0.90366128286713	6.93473768301085E-08				
0.91165094108305	6.93473768301085E-08				
0.94901523658632	6.93473768301085E-08				
0.95229994336231	6.93473768301085E-08				
0.95449067504838	6.93473768301085E-08				
0.95764120506281	6.93473768301085E-08				
0.97628663092313	6.93473768301085E-08				
0.97776465420595	6.93473768301085E-08				
0.99246547182385	6.93473768301085E-08				
0.99290619296724	6.93473768301085E-08				
0.99812852952587	6.93473768301085E-08				
1.00171801250658	6.93473768301085E-08				
1.01122581203328	6.93473768301085E-08				
1.01904243308748	6.93473768301085E-08				
1.03259781232049	6.93473768301085E-08				
1.03318479752674	6.93473768301085E-08				
1.03423839582918	6.93473768301085E-08				
1.0405801054633	6.93473768301085E-08				
1.06014277347967	6.93473768301085E-08				
1.06199283940387	6.93473768301085E-08				
1.08577575443301	6.93473768301085E-08				
1.10490367564036	6.93473768301085E-08				
1.19896837119453	6.93473768301085E-08				
0.41150289191529	6.93992017410923E-08				
0.52703620783766	6.93992017410923E-08				
0.61506955732298	6.93992017410923E-08				
0.85926384242482	6.93992017410923E-08				
0.69864540416523	7.77123016554323E-08				
0.81370057154978	7.77123016554323E-08				
0.84592145056094	7.77123016554323E-08				
0.94653534275985	7.77123016554323E-08				
1.00107888615904	8.9499908521961E-08				
0.57396280704231	9.66795978994825E-08				
0.58820516375786	9.66795978994825E-08				
0.73281052122295	9.66795978994825E-08				
0.77246914689825	9.66795978994825E-08				
0.78509557727106	9.66795978994825E-08				
0.98704237403562	9.66795978994825E-08				
1.05332400045099	9.66795978994825E-08				
1.10432564328096	9.66795978994825E-08				
1.17056766562086	9.66795978994825E-08				
0.967387313001	1.01561468659116E-07				
1.04766393249195	1.03772673869314E-07				
0.650603255652	1.04581692160625E-07				
0.67240529799373	1.04581692160625E-07				
0.69304962557408	1.04581692160625E-07				
0.71538306002473	1.04581692160625E-07				
0.80491157520301	1.04581692160625E-07				
0.90422170505988	1.04581692160625E-07				
0.91601969400794	1.04581692160625E-07				
0.96298798937689	1.04581692160625E-07				
0.94038248410775	1.19933828536768E-07				
1.05318519759273	1.25693706502085E-07				
1.33091749228854	1.25693706502085E-07				
0.22078728340517	1.38233604305383E-07				
0.26942594390035	1.38233604305383E-07				
0.27942865957241	1.38233604305383E-07				
0.32806732006759	1.38233604305383E-07				
0.37029635595596	1.38233604305383E-07				
0.39668390717622	1.38233604305383E-07				
0.43214721949564	1.38233604305383E-07				
0.44310970425036	1.38233604305383E-07				
0.45448065394629	1.38233604305383E-07				
0.45541408671804	1.38233604305383E-07				
0.45964718593268	1.38233604305383E-07				
0.46296307279157	1.38233604305383E-07				
0.47051430803891	1.38233604305383E-07				
0.47112638343073	1.38233604305383E-07				
0.48582967187833	1.38233604305383E-07				
0.49174836474554	1.38233604305383E-07				
0.54768053541801	1.38233604305383E-07				
0.55321869378331	1.38233604305383E-07				
0.55886576368828	1.38233604305383E-07				
0.56982443789579	1.38233604305383E-07				
0.58018923921388	1.38233604305383E-07				
0.64397593277926	1.38233604305383E-07				
0.65774990125476	1.38233604305383E-07				
0.66763660663215	1.38233604305383E-07				
0.67439907961065	1.38233604305383E-07				
0.72244081171164	1.38233604305383E-07				
0.74470653140457	1.38233604305383E-07				
0.74659883672702	1.38233604305383E-07				
0.76085805856155	1.38233604305383E-07				
0.77949896119456	1.38233604305383E-07				
0.78449547403771	1.38233604305383E-07				
0.82247672322556	1.38233604305383E-07				
0.83859272567859	1.38233604305383E-07				
0.85062318930445	1.38233604305383E-07				
0.91912554208598	1.38233604305383E-07				
0.93608317020238	1.38233604305383E-07				
0.96048164976998	1.38233604305383E-07				
0.98094892574124	1.38233604305383E-07				
0.98923749305212	1.38233604305383E-07				
1.0582272161517	1.38233604305383E-07				
0.29411855649072	1.42271558693493E-07				
0.35275993265796	1.42271558693493E-07				
0.5216932523334	1.42271558693493E-07				
0.58291779204907	1.42271558693493E-07				
0.58624294758924	1.42271558693493E-07				
0.61067334683145	1.42271558693493E-07				
0.62830076845926	1.42271558693493E-07				
0.62885566591464	1.42271558693493E-07				
0.64488432375648	1.42271558693493E-07				
0.65991406293461	1.42271558693493E-07				
0.72074083985245	1.42271558693493E-07				
0.74083790647195	1.42271558693493E-07				
0.78233385076027	1.42271558693493E-07				
0.79607374473493	1.42271558693493E-07				
0.80869740347603	1.42271558693493E-07				
0.81110241657908	1.42271558693493E-07				
0.81640549905297	1.42271558693493E-07				
0.82274923841143	1.42271558693493E-07				
0.82353013773593	1.42271558693493E-07				
0.82930214612922	1.42271558693493E-07				
0.83472542945815	1.42271558693493E-07				
0.84277973787121	1.42271558693493E-07				
0.877194567641	1.42271558693493E-07				
0.89220538329212	1.42271558693493E-07				
0.89700624290277	1.42271558693493E-07				
0.8971717508648	1.42271558693493E-07				
0.90552002386549	1.42271558693493E-07				
0.91020647623991	1.42271558693493E-07				
0.91298446008717	1.42271558693493E-07				
0.91974265809518	1.42271558693493E-07				
0.96988368389859	1.42271558693493E-07				
0.97099576586306	1.42271558693493E-07				
0.97761656075123	1.42271558693493E-07				
1.01820309291926	1.42271558693493E-07				
1.1622563787278	1.42271558693493E-07				
1.18513303908272	1.42271558693493E-07				
0.56153508588547	1.48497421634302E-07				
0.66485523711561	1.48497421634302E-07				
0.75749722026148	1.48497421634302E-07				
1.0326120654144	1.48497421634302E-07				
0.80127285039293	1.546176384113E-07				
0.7100300800441	1.75060931782793E-07				
0.76825629964488	1.75060931782793E-07				
1.28153912934939	1.75060931782793E-07				
1.20493299544619	1.99524679126068E-07				
0.66758700714526	2.20348731815765E-07				
0.8334937294041	2.20348731815765E-07				
1.03318555732721	2.40561171176674E-07				
0.72798366292882	2.47738184154812E-07				
0.88622779705673	2.47738184154812E-07				
0.92743729939793	2.47738184154812E-07				
1.05901438222655	2.47738184154812E-07				
1.06419565502887	2.47738184154812E-07				
1.15576730433689	2.47738184154812E-07				
1.21230577354464	2.47738184154812E-07				
0.99357852586394	2.67030463930928E-07				
0.98699072843327	2.67041708618855E-07				
0.50511557876491	3.01215244669358E-07				
0.54632211472424	3.01215244669358E-07				
0.58929987675524	3.01215244669358E-07				
0.70946221048161	3.01215244669358E-07				
0.77400344051557	3.01215244669358E-07				
0.82022563905275	3.01215244669358E-07				
0.85941326708741	3.01215244669358E-07				
0.87587210890426	3.01215244669358E-07				
0.87895581859457	3.01215244669358E-07				
0.94131310450966	3.01215244669358E-07				
1.00943159696333	3.01215244669358E-07				
1.02322212513908	3.01215244669358E-07				
0.89916283361684	3.03975875227441E-07				
0.59746979367144	3.4166903222184E-07				
0.60953681779107	3.4166903222184E-07				
0.7113147139892	3.4166903222184E-07				
0.7140250820895	3.4166903222184E-07				
0.71766028836725	3.4166903222184E-07				
0.79486023921839	4.20929094553448E-07				
0.80951563595736	4.20929094553448E-07				
0.93170587341602	4.20929094553448E-07				
0.98556986330667	4.20929094553448E-07				
1.0279923484161	4.20929094553448E-07				
0.65884025201674	4.5842244026675E-07				
0.72664802275577	4.66064536616123E-07				
0.97461465287878	4.66064536616123E-07				
0.7391037230542	4.89914619675963E-07				
0.77201808663331	4.89914619675963E-07				
0.84060979485194	4.89914619675963E-07				
0.95203716719907	4.89914619675963E-07				
1.06854360717286	4.89914619675963E-07				
1.12116631961819	4.89914619675963E-07				
1.13246776849733	4.89914619675963E-07				
1.21124864635044	4.89914619675963E-07				
0.54384558112446	5.23564855309114E-07				
0.65404872125808	5.23564855309114E-07				
0.77949896119456	5.23564855309114E-07				
0.91018243597493	5.23564855309114E-07				
0.7127789007999	5.89549130813777E-07				
0.74523689758804	5.89549130813777E-07				
0.9624927713178	5.89549130813777E-07				
0.50016933199534	6.60906778157E-07				
0.55925824836535	6.60906778157E-07				
0.57577744260101	6.60906778157E-07				
0.63486635897102	6.60906778157E-07				
0.66485523711561	6.60906778157E-07				
0.72583813717675	6.60906778157E-07				
0.78513777949843	6.60906778157E-07				
0.78819334324341	6.60906778157E-07				
0.79109982276138	6.60906778157E-07				
0.8011054648787	6.60906778157E-07				
0.80372625313419	6.60906778157E-07				
0.8607458901041	6.60906778157E-07				
0.97063566945853	6.60906778157E-07				
1.10785184934681	6.60906778157E-07				
1.15132014341542	6.60906778157E-07				
1.22321351850223	6.60906778157E-07				
0.67707127230033	6.61739600422893E-07				
0.77378524256881	6.61739600422893E-07				
0.84723924979349	6.61739600422893E-07				
0.84942265677443	6.61739600422893E-07				
0.89985351040132	6.61739600422893E-07				
0.92605588279535	6.61739600422893E-07				
0.92763165533606	6.61739600422893E-07				
1.00853208065749	6.61739600422893E-07				
0.63463354244858	6.91221740723233E-07				
0.76713981965786	6.91221740723233E-07				
0.89189346081948	6.91221740723233E-07				
1.04937228734207	6.91221740723233E-07				
1.13694847654666	6.91221740723233E-07				
1.00389134204808	6.91374589915674E-07				
1.21048983072035	7.68510813994516E-07				
0.5515323598705	8.13949069660181E-07				
0.6084305264741	8.13949069660181E-07				
0.66009366614726	8.13949069660181E-07				
0.75615145821271	8.13949069660181E-07				
0.77437356793911	8.13949069660181E-07				
0.78189215121445	8.13949069660181E-07				
0.78679345566434	8.13949069660181E-07				
0.79365947482569	8.13949069660181E-07				
0.82971587049073	8.13949069660181E-07				
0.84685512645232	8.13949069660181E-07				
0.85178298196934	8.13949069660181E-07				
0.87115367255295	8.13949069660181E-07				
0.87392294586315	8.13949069660181E-07				
0.87429884266831	8.13949069660181E-07				
0.87539728802419	8.13949069660181E-07				
0.87907600546349	8.13949069660181E-07				
0.90869098068236	8.13949069660181E-07				
0.91000920157012	8.13949069660181E-07				
0.91121847745783	8.13949069660181E-07				
0.96414087891217	8.13949069660181E-07				
0.96453509329968	8.13949069660181E-07				
0.97305678803493	8.13949069660181E-07				
1.00487345291295	8.13949069660181E-07				
1.0169588023615	8.13949069660181E-07				
1.02145961410533	8.13949069660181E-07				
1.02145961410533	8.13949069660181E-07				
1.07362089551169	8.13949069660181E-07				
1.09111922017876	8.13949069660181E-07				
1.12966542565979	8.13949069660181E-07				
1.16696095725447	8.13949069660181E-07				
1.20000092235106	8.13949069660181E-07				
1.25711903567768	8.13949069660181E-07				
1.04081093831264	8.22008141685633E-07				
0.96510897413311	8.35202052141882E-07				
1.04820951313074	8.35202052141882E-07				
0.74778368479507	8.54769469050413E-07				
0.90610399461628	8.54769469050413E-07				
0.92034635133182	8.54769469050413E-07				
1.02831207391763	8.54769469050413E-07				
1.07768324400206	8.54769469050413E-07				
0.66817819395831	9.74438979006984E-07				
0.72756680857004	9.74438979006984E-07				
1.01651768819407	9.74438979006984E-07				
1.142474846472	1.23115364844243E-06				
0.96750157142515	1.27026327009887E-06				
1.20714125923622	1.27026327009887E-06				
1.2073220758561	1.27026327009887E-06				
0.81004411264478	1.3107937551045E-06				
0.92646721593022	1.3107937551045E-06				
0.885889906409	1.4741805003424E-06				
0.96352229749041	1.4741805003424E-06				
0.99428451699478	1.4741805003424E-06				
0.80138543621831	1.63945824674472E-06				
1.08748880154013	1.64257853774237E-06				
1.22129579206291	1.64257853774237E-06				
0.8085128604002	1.81932394365579E-06				
1.01347079467666	1.81932394365579E-06				
1.02847186289925	1.81932394365579E-06				
1.1320552281298	1.81932394365579E-06				
1.23199036113862	1.81932394365579E-06				
1.33882223704956	1.81932394365579E-06				
0.91721385287658	2.00985692159533E-06				
0.71024165305425	2.11050742781079E-06				
0.88723771321436	2.11050742781079E-06				
0.92284738074375	2.11050742781079E-06				
1.00977962945313	2.11050742781079E-06				
1.09612795289565	2.11050742781079E-06				
1.16431056987056	2.11050742781079E-06				
1.39202175765558	2.11050742781079E-06				
0.60677013537656	2.23013050117543E-06				
0.95802342946857	2.23013050117543E-06				
0.75582392911364	2.30745304787943E-06				
0.98796953690056	2.30745304787943E-06				
1.0116064710273	2.30745304787943E-06				
1.04156833204339	2.30745304787943E-06				
1.06762139454556	2.30745304787943E-06				
0.82607804880868	2.32301222821657E-06				
1.06595011834441	2.32301222821657E-06				
1.13551798233255	2.32301222821657E-06				
0.97898772749906	2.55104755511712E-06				
0.83196490109787	2.79533727381597E-06				
1.04829827372814	3.05662036189894E-06				
1.14815330082393	3.14121150755981E-06				
0.77339110330348	3.32458350472447E-06				
0.91857400503308	3.33565081925971E-06				
0.84695803593422	3.84426155537306E-06				
0.67506025750008	4.21751861896735E-06				
0.90855402204611	4.21751861896735E-06				
0.96303107007331	4.21751861896735E-06				
0.90378388685112	4.22281182583658E-06				
0.92542699773061	4.22281182583658E-06				
0.93020438400719	4.22281182583658E-06				
1.04133204302351	4.22281182583658E-06				
1.04729482440957	4.22281182583658E-06				
1.12661068195348	4.22281182583658E-06				
0.88950977236131	4.51771318817346E-06				
0.92173065137248	4.51771318817346E-06				
0.86928261043806	4.90207143234443E-06				
1.05904578144234	5.53002898779822E-06				
1.11196742291534	5.53002898779822E-06				
0.73829242523523	5.78413155633673E-06				
0.75820147559074	5.78413155633673E-06				
0.92686183296755	5.78413155633673E-06				
0.94319200437867	5.78413155633673E-06				
0.81509183250242	6.07410929705491E-06				
0.98343348450498	6.68066214304232E-06				
0.86031568627297	6.79446940826769E-06				
0.78887800395847	7.13876751069626E-06				
0.65611116983868	9.25155834925241E-06				
0.84053785031859	9.25155834925241E-06				
0.89136170486713	9.25155834925241E-06				
0.90123492700391	9.25155834925241E-06				
0.9227361375706	9.25155834925241E-06				
0.92535993819466	9.25155834925241E-06				
1.07994540077585	9.25155834925241E-06				
1.09634066063136	9.25155834925241E-06				
1.13795911314347	9.25155834925241E-06				
1.1849665778504	9.25155834925241E-06				
1.03243998234732	9.61997205745748E-06				
0.69991782041633	1.02511338742147E-05				
0.72056214799668	1.02511338742147E-05				
0.76830991086989	1.02511338742147E-05				
0.92047785387343	1.02511338742147E-05				
1.11322949454187	1.02511338742147E-05				
1.14147996082773	1.02511338742147E-05				
1.27651019930784	1.02511338742147E-05				
0.89291508902194	1.22755773259532E-05				
0.71437855457579	1.30969816131985E-05				
0.88102024351004	1.30969816131985E-05				
0.9132411225212	1.30969816131985E-05				
1.03832394807333	1.30969816131985E-05				
1.10384636653113	1.47851664504876E-05				
1.04943592708768	1.83151969724603E-05				
1.12190865790513	1.83151969724603E-05				
1.09751447641095	2.18210112880396E-05				
0.8661963519825	2.9624483163107E-05				
0.94557745863233	3.11990916409137E-05				
1.06936171896551	3.52196684701561E-05				
0.98554263221599	4.16798845736924E-05				
1.13432142935268	4.16798845736924E-05				
1.19121959595628	4.16798845736924E-05				
0.969929798908	0.00032902102548				

