0	0.00240325927734375	0.004099854227405248	0.675006914576907	275628
1	0.00240325927734375	0.004099854227405248	0.3966839071762177	259817
2	0.00240325927734375	0.0035873724489795924	0.6875862849499039	247247
3	0.00240325927734375	0.004099854227405248	0.29411855649072083	283033
4	0.00240325927734375	0.00468554768846314	1.1256798612685617	252048
5	0.00240325927734375	0.003138950892857143	0.8592638424248169	251731
6	0.00240325927734375	0.004099854227405248	0.8692826104380562	227335
7	0.00240325927734375	0.00274658203125	0.7864072606035097	246934
8	0.00240325927734375	0.00468554768846314	0.650603255652004	288335
9	0.00240325927734375	0.00274658203125	0.47476898425025754	242083
10	0.00240325927734375	0.004099854227405248	0.45541408671804184	247960
11	0.00240325927734375	0.005354911643957874	0.7197266152812417	244173
12	0.00240325927734375	0.00468554768846314	0.7528811701837897	228485
13	0.00240325927734375	0.00274658203125	0.8222224767044702	227170
14	0.00240325927734375	0.005354911643957874	0.5486569155892225	226848
15	0.00240325927734375	0.0035873724489795924	0.7158486184615922	316605
16	0.00240325927734375	0.004099854227405248	0.6750602575000808	285240
17	0.00240325927734375	0.00274658203125	0.38288381031244606	270141
18	0.00240325927734375	0.004099854227405248	0.5882051637578561	283842
19	0.00240325927734375	0.003138950892857143	0.5862429475892403	252944
20	0.00240325927734375	0.005354911643957874	0.7724691468982505	300437
21	0.00240325927734375	0.003138950892857143	0.9518817680130254	329076
22	0.00240325927734375	0.0035873724489795924	0.8922053832921163	254306
23	0.00240325927734375	0.003138950892857143	0.6540487212580788	332435
24	0.00240325927734375	0.00274658203125	0.6054858133992109	311860
25	0.00240325927734375	0.0035873724489795924	0.7897175534049015	284081
26	0.00240325927734375	0.00468554768846314	0.9892814036964505	328654
27	0.00240325927734375	0.00274658203125	0.6186993874108424	274398
28	0.00240325927734375	0.00468554768846314	1.2464433307856713	245975
29	0.00240325927734375	0.003138950892857143	0.609014861572681	329417
30	0.00240325927734375	0.004099854227405248	0.9000992842058422	257585
31	0.00240325927734375	0.00468554768846314	0.9874889395547534	293203
32	0.00240325927734375	0.005354911643957874	1.1691792834343882	328809
33	0.00240325927734375	0.00274658203125	0.5706569657515563	261366
34	0.00240325927734375	0.003138950892857143	0.7288145731112495	275336
35	0.00240325927734375	0.00274658203125	0.5242764158818288	279010
36	0.00240325927734375	0.0035873724489795924	0.9157010598126221	292204
37	0.00240325927734375	0.003138950892857143	0.7054585070843513	278864
38	0.00240325927734375	0.004099854227405248	1.0212997480685446	251006
39	0.00240325927734375	0.004099854227405248	1.0111578868943145	253261
40	0.00240325927734375	0.005354911643957874	0.9265963181452732	320536
41	0.00240325927734375	0.003138950892857143	0.83612705090194	289162
42	0.00240325927734375	0.003138950892857143	0.6834512404795346	304321
43	0.00240325927734375	0.003138950892857143	0.493481545650313	347520
44	0.00240325927734375	0.005466472303206997	0.7575653255000013	283991
45	0.00240325927734375	0.00274658203125	0.8103584664321682	306433
46	0.00240325927734375	0.0035873724489795924	1.1441938793435793	282941
47	0.00240325927734375	0.005354911643957874	0.6119781743442333	284518
48	0.00240325927734375	0.004099854227405248	0.8037262531341928	274909
49	0.00240325927734375	0.0035873724489795924	0.5783102202625546	321071
50	0.00240325927734375	0.004099854227405248	1.2481652397906544	293186
51	0.00240325927734375	0.00274658203125	0.7985669103003665	259625
52	0.00240325927734375	0.005354911643957874	0.5846438992057731	253911
53	0.00240325927734375	0.00274658203125	0.3193425374706503	274503
54	0.00240325927734375	0.006119899021666142	1.0782855790974435	291551
55	0.00240325927734375	0.0035873724489795924	0.5746670623715742	271729
56	0.00240325927734375	0.00274658203125	0.7574032747361601	275070
57	0.00240325927734375	0.003138950892857143	0.7471355234942879	287603
58	0.00240325927734375	0.005466472303206997	0.7782096530803472	287233
59	0.00240325927734375	0.004099854227405248	0.7528811701837897	280725
60	0.00240325927734375	0.003138950892857143	0.7793641362906312	273800
61	0.00240325927734375	0.0035873724489795924	1.153453662040674	271514
62	0.00240325927734375	0.003138950892857143	0.5062039293537564	255352
63	0.00240325927734375	0.0035873724489795924	0.4705143080389149	243825
64	0.00240325927734375	0.004099854227405248	0.8715630078399568	287961
65	0.00240325927734375	0.0035873724489795924	0.9197426580951807	251518
66	0.00240325927734375	0.004099854227405248	1.0057162110504019	273400
67	0.00240325927734375	0.006119899021666142	0.8405160569575538	275129
68	0.00240325927734375	0.0035873724489795924	1.2126205677775534	271754
69	0.00240325927734375	0.00468554768846314	0.8619877751123562	285775
70	0.00240325927734375	0.00274658203125	0.5191529685340931	290815
71	0.00240325927734375	0.0035873724489795924	0.9061039946162797	337055
72	0.00240325927734375	0.004099854227405248	0.720740839852452	263329
73	0.00240325927734375	0.004099854227405248	0.5277457326021664	280623
74	0.00240325927734375	0.003138950892857143	1.0019039005504948	249358
75	0.00240325927734375	0.004099854227405248	0.5746670623715742	283470
76	0.00240325927734375	0.0035873724489795924	0.7830246961384266	257617
77	0.00240325927734375	0.003138950892857143	0.9632314381337564	279330
78	0.00240325927734375	0.003138950892857143	0.5293184125067912	289721
79	0.00240325927734375	0.0035873724489795924	0.9749133942827678	276551
80	0.00240325927734375	0.0035873724489795924	0.9902887003038972	284191
81	0.00240325927734375	0.00468554768846314	0.5895170305537488	270373
82	0.00240325927734375	0.004099854227405248	1.1108174958277925	269977
83	0.00240325927734375	0.00468554768846314	0.9374621640360172	285577
84	0.00240325927734375	0.0035873724489795924	0.725282064499569	270734
85	0.00240325927734375	0.003138950892857143	0.4614484735197566	286997
86	0.00240325927734375	0.003138950892857143	0.6724792311079365	274370
87	0.00240325927734375	0.0035873724489795924	1.1904208758561792	280682
88	0.00240325927734375	0.0035873724489795924	0.5329952038510364	325389
89	0.00240325927734375	0.0035873724489795924	0.7569849253360518	292313
90	0.00240325927734375	0.004099854227405248	0.7000351443569359	294372
91	0.00240325927734375	0.003138950892857143	0.9550540041790772	277275
92	0.00240325927734375	0.0035873724489795924	0.7949910042949009	285328
93	0.00240325927734375	0.003138950892857143	0.4216151515430648	275161
94	0.00240325927734375	0.004099854227405248	0.9994584933838713	280178
95	0.00240325927734375	0.004099854227405248	0.5683264767752773	253178
96	0.00240325927734375	0.004099854227405248	0.9286444656123807	282524
97	0.00240325927734375	0.0035873724489795924	0.7047879712613051	281911
98	0.00240325927734375	0.004099854227405248	0.6095368177910734	288958
99	0.00240325927734375	0.004099854227405248	0.968916231681962	245269
100	0.00240325927734375	0.0035873724489795924	0.551532359870496	296880
101	0.00240325927734375	0.00274658203125	0.40393131528134174	286582
102	0.00240325927734375	0.004099854227405248	0.6162559286645557	363608
103	0.00240325927734375	0.004099854227405248	1.009779629453125	335961
104	0.00240325927734375	0.0035873724489795924	0.7851377794984339	278852
105	0.00240325927734375	0.0035873724489795924	1.056200567481343	322298
106	0.00240325927734375	0.004099854227405248	0.8835200039876718	329507
107	0.00240325927734375	0.004099854227405248	0.876096548565412	282895
108	0.00240325927734375	0.00240325927734375	0.8614776149295835	289073
109	0.00240325927734375	0.003138950892857143	0.5902502818053489	277144
110	0.00240325927734375	0.0035873724489795924	1.2048594851216432	287694
111	0.00240325927734375	0.003138950892857143	0.47989498236885453	286592
112	0.00240325927734375	0.004099854227405248	0.7763016645344903	277819
113	0.00240325927734375	0.0035873724489795924	0.5277457326021664	293786
114	0.00240325927734375	0.0035873724489795924	0.686065351567182	221799
115	0.00240325927734375	0.0035873724489795924	1.0424362554148645	277105
116	0.00240325927734375	0.0035873724489795924	1.1644833389604077	276347
117	0.00240325927734375	0.00468554768846314	0.7443440662717085	275577
118	0.00240325927734375	0.004099854227405248	0.8070412521005097	334511
119	0.00240325927734375	0.0035873724489795924	0.8862477566438571	334668
120	0.00240325927734375	0.003138950892857143	0.7481053577385229	332414
121	0.00240325927734375	0.003138950892857143	0.4237339425775215	279007
122	0.00240325927734375	0.00240325927734375	0.904560270421521	249155
123	0.00240325927734375	0.003138950892857143	0.7566868763189217	275669
124	0.00240325927734375	0.004099854227405248	0.7561514582127083	276749
