0	0.00240325927734375	0.0035873724489795924	0.7350452596448958	255564
1	0.00240325927734375	0.0035873724489795924	0.7782257060118252	256210
2	0.00240325927734375	0.003138950892857143	0.4043216966243352	253325
3	0.00240325927734375	0.00468554768846314	1.0803674042451803	459189
4	0.00240325927734375	0.004099854227405248	0.7961510226531423	257679
5	0.00240325927734375	0.004099854227405248	0.641921615407157	260312
6	0.00240325927734375	0.005354911643957874	1.0802493681862055	262786
7	0.00240325927734375	0.0035873724489795924	0.758125668227176	255016
8	0.00240325927734375	0.00274658203125	0.8318096846776749	258860
9	0.00240325927734375	0.004099854227405248	0.5698244378957862	267744
10	0.00240325927734375	0.003138950892857143	0.40393131528134174	258615
11	0.00240325927734375	0.00468554768846314	1.065500460167578	258253
12	0.00240325927734375	0.00468554768846314	0.8858899064089981	283126
13	0.00240325927734375	0.0035873724489795924	0.5277457326021664	262083
14	0.00240325927734375	0.004099854227405248	0.958827453186198	259792
15	0.00240325927734375	0.003138950892857143	0.8037262531341928	266076
16	0.00240325927734375	0.00468554768846314	0.9709490302377188	256217
17	0.00240325927734375	0.0035873724489795924	0.6128421852987456	256353
18	0.00240325927734375	0.0035873724489795924	0.7777739970879921	260561
19	0.00240325927734375	0.005354911643957874	0.9511027832691287	255458
20	0.00240325927734375	0.003138950892857143	0.4629630727915729	258861
21	0.00240325927734375	0.003138950892857143	0.7516166966317038	260138
22	0.00240325927734375	0.0035873724489795924	0.9322496320358722	256362
23	0.00240325927734375	0.0035873724489795924	0.8618485387679631	256287
24	0.00240325927734375	0.00468554768846314	0.9593775675464906	260425
25	0.00240325927734375	0.00274658203125	0.6298314151396802	257034
26	0.00240325927734375	0.003138950892857143	0.5521229218175507	257814
27	0.00240325927734375	0.004099854227405248	0.714378554575787	269136
28	0.00240325927734375	0.004185267857142856	1.0734138519625664	261157
29	0.00240325927734375	0.005354911643957874	1.1132112910588494	257474
30	0.00240325927734375	0.0035873724489795924	0.8671736460683075	268690
31	0.00240325927734375	0.00468554768846314	1.0805864622710732	256521
32	0.00240325927734375	0.003138950892857143	0.6251818169507557	255023
33	0.00240325927734375	0.00274658203125	1.2314381912057066	265167
34	0.00240325927734375	0.004099854227405248	0.7830521981101183	255522
35	0.00240325927734375	0.005354911643957874	1.1827694111598175	254137
36	0.00240325927734375	0.0035873724489795924	0.5953033681844802	268823
37	0.00240325927734375	0.004099854227405248	0.698768125417399	254957
38	0.00240325927734375	0.004185267857142856	0.8155980003561782	254214
39	0.00240325927734375	0.00240325927734375	0.7034629697216066	280767
40	0.00240325927734375	0.0035873724489795924	1.0009033350794847	260797
41	0.00240325927734375	0.003138950892857143	0.7003512082080998	255845
42	0.00240325927734375	0.005354911643957874	1.0678848081153984	266322
43	0.00240325927734375	0.00240325927734375	0.7382924252352308	256154
44	0.00240325927734375	0.004099854227405248	0.7490554919696634	256096
45	0.00240325927734375	0.005354911643957874	0.9274453547124093	272622
46	0.00240325927734375	0.005354911643957874	0.7254530698194445	255871
47	0.00240325927734375	0.004099854227405248	0.5169954825889849	255742
48	0.00240325927734375	0.003138950892857143	0.5316671508538642	273307
49	0.00240325927734375	0.0035873724489795924	0.22858055408794858	255908
50	0.00240325927734375	0.0035873724489795924	1.0277283726262587	253886
51	0.00240325927734375	0.0035873724489795924	0.8514804494779187	269397
52	0.00240325927734375	0.003138950892857143	0.7682562996448801	258701
53	0.00240325927734375	0.004099854227405248	0.7222896573560231	255804
54	0.00240325927734375	0.0035873724489795924	0.8716616806300284	263453
55	0.00240325927734375	0.004099854227405248	0.7176602883672526	266026
56	0.00240325927734375	0.00274658203125	0.8866475621112888	257874
57	0.00240325927734375	0.003138950892857143	1.3211469680551677	264032
58	0.00240325927734375	0.003138950892857143	0.6561111698386768	255160
59	0.00240325927734375	0.0035873724489795924	0.5826289272877523	255029
60	0.00240325927734375	0.003138950892857143	0.8510410466055626	281998
61	0.00240325927734375	0.00274658203125	0.9567121953858699	266461
62	0.00240325927734375	0.00468554768846314	0.7850955772710624	254217
63	0.00240325927734375	0.00274658203125	0.8385927256785952	275421
64	0.00240325927734375	0.00468554768846314	0.8499423510088602	258677
65	0.00240325927734375	0.00274658203125	1.0901890582864349	253822
66	0.00240325927734375	0.00468554768846314	0.597469793671439	277132
67	0.00240325927734375	0.00274658203125	0.6482976636120993	254782
68	0.00240325927734375	0.00240325927734375	0.6482976636120993	254626
69	0.00240325927734375	0.00274658203125	1.137761931017015	265361
70	0.00240325927734375	0.004099854227405248	1.0209759372863196	258571
71	0.00240325927734375	0.00274658203125	0.46765791709578064	258536
72	0.00240325927734375	0.0035873724489795924	0.9541266711408373	274650
73	0.00240325927734375	0.0035873724489795924	0.3559877994173646	257586
74	0.00240325927734375	0.004099854227405248	0.8100441126447798	254627
75	0.00240325927734375	0.003138950892857143	0.9841945065174997	283255
76	0.00240325927734375	0.004099854227405248	0.8328182660859386	255567
77	0.00240325927734375	0.00468554768846314	0.8906629941583188	253987
78	0.00240325927734375	0.00468554768846314	1.0984535984149042	264678
79	0.00240325927734375	0.004099854227405248	0.9027688316799474	262704
80	0.00240325927734375	0.004099854227405248	0.5862429475892403	251079
81	0.00240325927734375	0.0035873724489795924	0.619142256693538	270798
82	0.00240325927734375	0.0035873724489795924	0.9033372416056704	266033
83	0.00240325927734375	0.004099854227405248	0.8232881108088902	254715
84	0.00240325927734375	0.004099854227405248	0.9426703884618921	291323
85	0.00240325927734375	0.004099854227405248	0.9404179365842363	260880
86	0.00240325927734375	0.0035873724489795924	0.6107426521731344	254126
87	0.00240325927734375	0.005354911643957874	0.8447152653334721	270128
88	0.00240325927734375	0.004099854227405248	0.8329968930779454	305236
89	0.00240325927734375	0.004099854227405248	0.7304149371685156	251536
90	0.00240325927734375	0.0035873724489795924	0.9210890418561316	266047
91	0.00240325927734375	0.0035873724489795924	0.8524933979883523	279565
92	0.00240325927734375	0.003138950892857143	0.8057532111218886	277487
93	0.00240325927734375	0.004099854227405248	0.7197266152812417	287651
94	0.00240325927734375	0.004099854227405248	0.8187658479019673	265690
95	0.00240325927734375	0.0035873724489795924	0.6576223988608134	259020
96	0.00240325927734375	0.004099854227405248	0.5309027769921314	265330
97	0.00240325927734375	0.006119899021666142	0.6348663589710202	293361
98	0.00240325927734375	0.00274658203125	0.40280709735251885	254412
99	0.00240325927734375	0.0035873724489795924	0.6348173593301913	272604
100	0.00240325927734375	0.003138950892857143	0.6705883535104707	269083
101	0.00240325927734375	0.00274658203125	0.6251818169507557	276327
102	0.00240325927734375	0.004099854227405248	0.5826289272877523	267545
103	0.00240325927734375	0.004099854227405248	0.8569716041608297	284502
104	0.00240325927734375	0.0035873724489795924	1.02190413293828	254844
105	0.00240325927734375	0.00274658203125	0.4237339425775215	270342
106	0.00240325927734375	0.00274658203125	0.37724082830877137	295270
107	0.00240325927734375	0.00274658203125	1.1161014270177936	256347
108	0.00240325927734375	0.003138950892857143	0.9551833620393947	288979
109	0.00240325927734375	0.00468554768846314	1.2519377895145447	261628
110	0.00240325927734375	0.005354911643957874	0.7910998227613809	258026
111	0.00240325927734375	0.00468554768846314	1.0185432550130349	290199
112	0.00240325927734375	0.003138950892857143	0.7133052730084898	299639
113	0.00240325927734375	0.004099854227405248	1.1434593878911508	270797
114	0.00240325927734375	0.0047831632653061226	0.6073575892486077	291776
115	0.00240325927734375	0.0047831632653061226	1.0956500214172593	283007
116	0.00240325927734375	0.00274658203125	0.8032617546045743	248745
117	0.00240325927734375	0.004099854227405248	0.8566846926384754	281962
118	0.00240325927734375	0.0035873724489795924	0.9016411926231875	279624
119	0.00240325927734375	0.004099854227405248	0.8809369451211266	251394
120	0.00240325927734375	0.003138950892857143	0.7439918209191354	319845
121	0.00240325927734375	0.00468554768846314	0.7942134106570087	273126
122	0.00240325927734375	0.00274658203125	0.5191529685340931	251973
123	0.00240325927734375	0.00468554768846314	1.1562480319486155	270005
124	0.00240325927734375	0.003138950892857143	0.6561111698386768	289359
