0	0.00240325927734375	0.0035873724489795924	0.5746670623715742	434282
1	0.00240325927734375	0.004099854227405248	0.45855315010286146	274865
2	0.00240325927734375	0.003138950892857143	0.8829245805474742	383875
3	0.00240325927734375	0.003138950892857143	1.0122638280036982	247650
4	0.00240325927734375	0.003138950892857143	0.7625957261065338	247940
5	0.00240325927734375	0.004099854227405248	0.7092669615462446	249951
6	0.00240325927734375	0.004099854227405248	0.3702963559559602	243882
7	0.00240325927734375	0.0035873724489795924	0.999932886025378	252325
8	0.00240325927734375	0.003138950892857143	0.44421749349124495	246037
9	0.00240325927734375	0.004099854227405248	0.5316671508538642	245376
10	0.00240325927734375	0.003138950892857143	0.609014861572681	250778
11	0.00240325927734375	0.003662109374999999	0.886622392878744	248270
12	0.00240325927734375	0.00274658203125	0.820277311764656	243315
13	0.00240325927734375	0.0035873724489795924	1.1170804033119677	248009
14	0.00240325927734375	0.00468554768846314	0.6486059469237553	247956
15	0.00240325927734375	0.0035873724489795924	0.5848375233935021	244687
16	0.00240325927734375	0.00468554768846314	0.8648023407852267	249054
17	0.00240325927734375	0.00274658203125	0.4648618210715908	247671
18	0.00240325927734375	0.00468554768846314	1.0624201461280596	243511
19	0.00240325927734375	0.006119899021666142	0.6486059469237553	246225
20	0.00240325927734375	0.006247396917950854	0.9426390569519268	246714
21	0.00240325927734375	0.005354911643957874	0.5615350858854704	243802
22	0.00240325927734375	0.00468554768846314	0.9700673707470521	243730
23	0.00240325927734375	0.006119899021666142	0.8864979190427223	246434
24	0.00240325927734375	0.0035873724489795924	0.821441516771252	243624
25	0.00240325927734375	0.004099854227405248	0.5846438992057731	245230
26	0.00240325927734375	0.0035873724489795924	1.071481695278154	246041
27	0.00240325927734375	0.00468554768846314	0.7754530080316797	243534
28	0.00240325927734375	0.004099854227405248	0.9496187848949139	244942
29	0.00240325927734375	0.004099854227405248	0.8447886627570532	245162
30	0.00240325927734375	0.0035873724489795924	0.8014115930310632	242864
31	0.00240325927734375	0.003138950892857143	0.44310970425036134	245106
32	0.00240325927734375	0.00468554768846314	1.3235293922054272	245498
33	0.00240325927734375	0.004099854227405248	0.5775187919289021	241815
34	0.00240325927734375	0.004099854227405248	0.9111392989927871	247802
35	0.00240325927734375	0.003138950892857143	0.8539314650410346	247679
36	0.00240325927734375	0.00468554768846314	0.8619877751123562	241990
37	0.00240325927734375	0.004099854227405248	1.0837157419114813	244535
38	0.00240325927734375	0.003138950892857143	1.1038463665311293	248323
39	0.00240325927734375	0.004099854227405248	0.4140351812241149	241802
40	0.00240325927734375	0.0035873724489795924	0.9895389933532862	248473
41	0.00240325927734375	0.0047831632653061226	0.9912649116752683	249005
42	0.00240325927734375	0.003138950892857143	0.6604462671181335	244522
43	0.00240325927734375	0.003138950892857143	0.5438455811244645	246881
44	0.00240325927734375	0.004099854227405248	0.8587705982742075	246595
45	0.00240325927734375	0.004099854227405248	1.0022064712440368	243531
46	0.00240325927734375	0.004099854227405248	0.876096548565412	247434
47	0.00240325927734375	0.003138950892857143	0.5683264767752773	246436
48	0.00240325927734375	0.003138950892857143	0.3702963559559602	244218
49	0.00240325927734375	0.00274658203125	0.3193425374706503	246555
50	0.00240325927734375	0.004099854227405248	0.5572653352020441	246529
51	0.00240325927734375	0.003138950892857143	0.6288556659146406	244157
52	0.00240325927734375	0.006119899021666142	0.6806215359510435	244858
53	0.00240325927734375	0.00274658203125	0.67938808259247	248464
54	0.00240325927734375	0.004099854227405248	0.5954285011384068	242925
55	0.00240325927734375	0.004099854227405248	0.8165361555565264	246061
56	0.00240325927734375	0.0035873724489795924	0.8985346462189338	246007
57	0.00240325927734375	0.004099854227405248	0.8587705982742075	243117
58	0.00240325927734375	0.004099854227405248	0.7327277385604152	247209
59	0.00240325927734375	0.004185267857142856	0.7499937488660495	246352
60	0.00240325927734375	0.00468554768846314	1.021428996099245	242721
61	0.00240325927734375	0.00274658203125	0.38288381031244606	247090
62	0.00240325927734375	0.0035873724489795924	0.6859444391123852	247756
63	0.00240325927734375	0.003138950892857143	0.902727207843654	243861
64	0.00240325927734375	0.003138950892857143	0.4307214741276705	247167
65	0.00240325927734375	0.004099854227405248	0.8928591737246963	248082
66	0.00240325927734375	0.003138950892857143	0.7653188021227609	243695
67	0.00240325927734375	0.0035873724489795924	0.5965766233672192	246154
68	0.00240325927734375	0.003138950892857143	0.7389847210886193	246246
69	0.00240325927734375	0.003138950892857143	0.698768125417399	243904
70	0.00240325927734375	0.003138950892857143	0.5953033681844802	250049
71	0.00240325927734375	0.004099854227405248	0.7789692341631549	246982
72	0.00240325927734375	0.003138950892857143	0.8507459845377683	242689
73	0.00240325927734375	0.0035873724489795924	0.7682562996448801	249565
74	0.00240325927734375	0.003138950892857143	0.7545799596922109	248187
75	0.00240325927734375	0.003138950892857143	0.9257701885591317	247014
76	0.00240325927734375	0.004099854227405248	1.1078518493468053	247050
77	0.00240325927734375	0.0035873724489795924	0.6286783229102727	246725
78	0.00240325927734375	0.006119899021666142	1.0381367108018964	243988
79	0.00240325927734375	0.00468554768846314	0.9104891463973894	248031
80	0.00240325927734375	0.00274658203125	0.5957011110120926	246397
81	0.00240325927734375	0.00274658203125	1.1383442872243803	245409
82	0.00240325927734375	0.004099854227405248	0.8140846948909406	247675
83	0.00240325927734375	0.004099854227405248	0.7199215301143157	247743
84	0.00240325927734375	0.003138950892857143	0.4917483647455395	246158
85	0.00240325927734375	0.00274658203125	0.554445230212033	246241
86	0.00240325927734375	0.003138950892857143	0.6011893097203033	246203
87	0.00240325927734375	0.004099854227405248	0.6333731672144804	244000
88	0.00240325927734375	0.003138950892857143	0.9048117706315918	247223
89	0.00240325927734375	0.0035873724489795924	0.6344324522427114	247800
90	0.00240325927734375	0.0035873724489795924	0.6288556659146406	244320
91	0.00240325927734375	0.004099854227405248	0.6986454041652321	251888
92	0.00240325927734375	0.00274658203125	0.5163548647066248	263103
93	0.00240325927734375	0.00274658203125	0.7574032747361601	275027
94	0.00240325927734375	0.0035873724489795924	0.9640776763886937	247860
95	0.00240325927734375	0.003138950892857143	0.9689976785830043	268174
96	0.00240325927734375	0.004099854227405248	0.8626055011105698	283220
97	0.00240325927734375	0.0035873724489795924	0.8346501978613127	374574
98	0.00240325927734375	0.004099854227405248	0.961498017014669	334824
99	0.00240325927734375	0.004099854227405248	1.036198937447739	328837
100	0.00240325927734375	0.004099854227405248	1.0905085456749601	315410
101	0.00240325927734375	0.004099854227405248	0.8165361555565264	344793
102	0.00240325927734375	0.003138950892857143	0.47989498236885453	334122
103	0.00240325927734375	0.004099854227405248	0.9947828763638036	309588
104	0.00240325927734375	0.00468554768846314	1.1833751031727944	356779
105	0.00240325927734375	0.003138950892857143	0.6280179697604316	338087
106	0.00240325927734375	0.00468554768846314	0.8954267242540039	321392
107	0.00240325927734375	0.005354911643957874	0.9037838868511199	332361
108	0.00240325927734375	0.004099854227405248	0.9535850707109186	354028
109	0.00240325927734375	0.005354911643957874	0.8328182660859386	313713
110	0.00240325927734375	0.00468554768846314	0.749090449821767	405492
111	0.00240325927734375	0.003138950892857143	0.7545799596922109	322041
112	0.00240325927734375	0.00240325927734375	0.5902502818053489	314873
113	0.00240325927734375	0.003138950892857143	0.8143014413397669	405512
114	0.00240325927734375	0.00274658203125	0.44310970425036134	302805
115	0.00240325927734375	0.00468554768846314	0.9452491864130965	317373
116	0.00240325927734375	0.004099854227405248	0.8427797378712145	351576
117	0.00240325927734375	0.00274658203125	0.559357762060949	326600
118	0.00240325927734375	0.0035873724489795924	0.8004633658516284	386241
119	0.00240325927734375	0.004099854227405248	0.4043216966243352	410723
120	0.00240325927734375	0.003138950892857143	0.789957055851141	352293
121	0.00240325927734375	0.004099854227405248	0.5757774426010136	362308
122	0.00240325927734375	0.005354911643957874	0.5592582483653494	360592
123	0.00240325927734375	0.0035873724489795924	0.5723611479129064	412542
124	0.00240325927734375	0.00468554768846314	0.9688118333757038	329009
