0	0.00240325927734375	0.004099854227405248	0.9141271708794292	259738
1	0.00240325927734375	0.0035873724489795924	0.6343302066253524	251073
2	0.00240325927734375	0.005354911643957874	1.2988117762480926	245515
3	0.00240325927734375	0.004099854227405248	0.9085145497241449	334732
4	0.00240325927734375	0.0035873724489795924	1.091266660453501	354577
5	0.00240325927734375	0.003138950892857143	0.3966839071762177	318409
6	0.00240325927734375	0.0035873724489795924	0.6034688569297676	759284
7	0.00240325927734375	0.005354911643957874	1.0461746674992956	484106
8	0.00240325927734375	0.004099854227405248	0.5862429475892403	849477
9	0.00240325927734375	0.00274658203125	0.8007817665522419	1288616
10	0.00240325927734375	0.004099854227405248	0.9688519106840542	591363
11	0.00240325927734375	0.004099854227405248	0.7861955926954431	512154
12	0.00240325927734375	0.0035873724489795924	1.0693574464031599	1748139
13	0.00240325927734375	0.005354911643957874	1.1295573317773844	466128
14	0.00240325927734375	0.00274658203125	0.4146291755846023	452009
15	0.00240325927734375	0.00274658203125	1.0509250673152506	2407878
16	0.00240325927734375	0.003138950892857143	0.5309027769921314	589424
17	0.00240325927734375	0.004099854227405248	0.5954285011384068	575084
18	0.00240325927734375	0.004099854227405248	0.6424697486337936	3323603
19	0.00240325927734375	0.004099854227405248	0.982202821296137	565457
20	0.00240325927734375	0.004099854227405248	0.5954285011384068	383689
21	0.00240325927734375	0.0035873724489795924	1.0139377192381034	1567698
22	0.00240325927734375	0.005354911643957874	0.5846438992057731	880451
23	0.00240325927734375	0.003138950892857143	0.752599378414696	606052
24	0.00240325927734375	0.00274658203125	0.37724082830877137	2909377
25	0.00240325927734375	0.003138950892857143	0.7679079850347026	347423
26	0.00240325927734375	0.004099854227405248	0.7455390592603358	711186
27	0.00240325927734375	0.004099854227405248	1.0569224591683295	4300284
28	0.00240325927734375	0.0035873724489795924	1.350145752050098	560163
29	0.00240325927734375	0.00468554768846314	0.7619859371767089	421002
30	0.00240325927734375	0.00240325927734375	0.26129515566389994	1435954
31	0.00240325927734375	0.005354911643957874	0.7561241212438912	604811
32	0.00240325927734375	0.00274658203125	0.4629630727915729	771715
33	0.00240325927734375	0.003138950892857143	0.6915548535926916	1849565
34	0.00240325927734375	0.004099854227405248	0.5954285011384068	384836
35	0.00240325927734375	0.004099854227405248	0.6922948885328926	642678
36	0.00240325927734375	0.00468554768846314	0.7444844515535107	3451663
37	0.00240325927734375	0.003138950892857143	0.895450050198983	643269
38	0.00240325927734375	0.006119899021666142	0.9403724733656578	625894
39	0.00240325927734375	0.00274658203125	0.8695561676805059	1213533
40	0.00240325927734375	0.004099854227405248	0.7851377794984339	434778
41	0.00240325927734375	0.003138950892857143	0.6675870071452594	636609
42	0.00240325927734375	0.0035873724489795924	0.9374621640360172	1168131
43	0.00240325927734375	0.006119899021666142	0.7574972202614769	398784
44	0.00240325927734375	0.005354911643957874	0.9497455031252743	583943
45	0.00240325927734375	0.003138950892857143	0.47459189989497363	707291
46	0.00240325927734375	0.005354911643957874	0.8739216991900464	433210
47	0.00240325927734375	0.004099854227405248	0.7000351443569359	490691
48	0.00240325927734375	0.00468554768846314	0.9338399985870154	478041
49	0.00240325927734375	0.0035873724489795924	0.984605716345047	613840
50	0.00240325927734375	0.004099854227405248	1.0073541057928765	498921
51	0.00240325927734375	0.00468554768846314	0.5895170305537488	734835
52	0.00240325927734375	0.00274658203125	0.6721072299068747	516038
53	0.00240325927734375	0.00240325927734375	0.4321472194956394	537630
54	0.00240325927734375	0.005354911643957874	0.7382658583335895	600621
55	0.00240325927734375	0.00468554768846314	0.9833767513945614	477352
56	0.00240325927734375	0.003138950892857143	0.7809425179021237	572161
57	0.00240325927734375	0.006119899021666142	0.6348663589710202	1141926
58	0.00240325927734375	0.00274658203125	0.22858055408794858	482316
59	0.00240325927734375	0.003138950892857143	0.6236337952085094	569789
60	0.00240325927734375	0.004099854227405248	0.7980200301683487	874195
61	0.00240325927734375	0.004099854227405248	0.6451327292467813	537907
62	0.00240325927734375	0.004099854227405248	0.5954282982912226	601703
63	0.00240325927734375	0.00274658203125	0.40393131528134174	523367
64	0.00240325927734375	0.0035873724489795924	0.7516166966317038	499931
65	0.00240325927734375	0.00274658203125	0.4211648028270305	500155
66	0.00240325927734375	0.004099854227405248	0.5551845505692676	516741
67	0.00240325927734375	0.003138950892857143	0.47459189989497363	510130
68	0.00240325927734375	0.004099854227405248	0.6724052979937339	588574
69	0.00240325927734375	0.0035873724489795924	1.007397227853025	637490
70	0.00240325927734375	0.0035873724489795924	0.7332331341776858	485488
71	0.00240325927734375	0.003138950892857143	0.7281129848808853	471590
72	0.00240325927734375	0.0035873724489795924	0.5438455811244645	737600
73	0.00240325927734375	0.00240325927734375	0.9744459693582721	510828
74	0.00240325927734375	0.004099854227405248	0.6970482110580039	549124
75	0.00240325927734375	0.00468554768846314	0.7022014087356845	642336
76	0.00240325927734375	0.003138950892857143	0.6990796921055449	469636
77	0.00240325927734375	0.003138950892857143	0.5062039293537564	555026
78	0.00240325927734375	0.004099854227405248	0.9234948073671841	815018
79	0.00240325927734375	0.00468554768846314	0.9734575529118007	430863
80	0.00240325927734375	0.00274658203125	0.4146291755846023	508878
81	0.00240325927734375	0.004099854227405248	0.8624172982913325	801890
82	0.00240325927734375	0.003138950892857143	0.7344526698763321	425474
83	0.00240325927734375	0.0035873724489795924	0.725282064499569	695417
84	0.00240325927734375	0.004099854227405248	0.3280673200675872	841744
85	0.00240325927734375	0.005354911643957874	0.7258381371767471	497025
86	0.00240325927734375	0.0035873724489795924	1.0277283726262587	484181
87	0.00240325927734375	0.00240325927734375	0.7408269748993305	528879
88	0.00240325927734375	0.0035873724489795924	0.5946945823635539	410677
89	0.00240325927734375	0.0035873724489795924	0.876096548565412	361891
90	0.00240325927734375	0.003138950892857143	0.9675015714251498	1146991
91	0.00240325927734375	0.004099854227405248	1.2640425302672842	509533
92	0.00240325927734375	0.0035873724489795924	0.5277457326021664	434921
93	0.00240325927734375	0.004099854227405248	0.8359610071210897	489001
94	0.00240325927734375	0.004099854227405248	0.571780156306666	500663
95	0.00240325927734375	0.00468554768846314	1.001034838677632	531803
96	0.00240325927734375	0.0035873724489795924	1.0860646401356968	844735
97	0.00240325927734375	0.0035873724489795924	0.6997073808099048	525085
98	0.00240325927734375	0.00274658203125	0.7506463086289268	524044
99	0.00240325927734375	0.005354911643957874	1.2319903611386236	792970
100	0.00240325927734375	0.003138950892857143	0.5169954825889849	473940
101	0.00240325927734375	0.004099854227405248	0.5957011110120926	528410
102	0.00240325927734375	0.005354911643957874	1.2264066006175078	513678
103	0.00240325927734375	0.004099854227405248	0.7102416530542501	438274
104	0.00240325927734375	0.004099854227405248	0.902212069572923	383373
105	0.00240325927734375	0.004099854227405248	1.2045705837724099	766188
106	0.00240325927734375	0.0035873724489795924	0.6415565101277999	527040
12	0.00240325927734375	0.00274658203125	0.6781017530482094	3510369
13	0.00240325927734375	0.00468554768846314	0.7979244615333643	1060309
14	0.00240325927734375	0.00274658203125	0.36509256641028376	411831
15	0.00240325927734375	0.00468554768846314	0.500169331995343	3659652
16	0.00240325927734375	0.003138950892857143	0.5868536531086868	1050227
17	0.00240325927734375	0.00274658203125	1.047910409937014	507476
18	0.00240325927734375	0.003138950892857143	0.7097705947614472	3528852
19	0.00240325927734375	0.00468554768846314	1.1390984167247646	973761
20	0.00240325927734375	0.0035873724489795924	0.9580234294685747	561028
21	0.00240325927734375	0.005354911643957874	0.6346335424485795	675757
22	0.00240325927734375	0.006119899021666142	1.0656493506742137	557557
23	0.00240325927734375	0.00274658203125	0.5868536531086868	1266596
0	0.00240325927734375	0.003138950892857143	0.8626055011105698	291225
1	0.00240325927734375	0.00274658203125	0.40280709735251885	275662
2	0.00240325927734375	0.004099854227405248	0.8652396890456739	279238
3	0.00240325927734375	0.0035873724489795924	1.0479459259643242	725624
4	0.00240325927734375	0.004099854227405248	0.7275668085700445	333575
5	0.00240325927734375	0.00468554768846314	0.8507459845377683	463362
