0	0.00240325927734375	0.0035873724489795924	0.9558238453374158	303156
1	0.00240325927734375	0.005354911643957874	0.8086974034760315	275111
2	0.00240325927734375	0.00274658203125	0.7942134106570087	297099
3	0.00240325927734375	0.0035873724489795924	0.38288381031244606	268686
4	0.00240325927734375	0.00274658203125	0.89402023812946	235627
5	0.00240325927734375	0.0035873724489795924	0.657088682269622	252914
6	0.00240325927734375	0.004099854227405248	1.3112884730436887	243812
7	0.00240325927734375	0.003138950892857143	0.5277457326021664	225288
8	0.00240325927734375	0.0035873724489795924	0.45855315010286146	243983
9	0.00240325927734375	0.0035873724489795924	0.8278862980369122	280299
10	0.00240325927734375	0.0035873724489795924	0.8071901093303198	277792
11	0.00240325927734375	0.00274658203125	0.6251818169507557	239932
12	0.00240325927734375	0.005354911643957874	1.4443819640908997	249264
13	0.00240325927734375	0.004099854227405248	0.9604816497699789	268747
14	0.00240325927734375	0.0035873724489795924	0.9282318004006728	291777
15	0.00240325927734375	0.00274658203125	0.8164054990529657	290976
16	0.00240325927734375	0.004099854227405248	0.8275027074035005	244618
17	0.00240325927734375	0.0035873724489795924	0.5826289272877523	232524
18	0.00240325927734375	0.0035873724489795924	0.7158486184615922	238869
19	0.00240325927734375	0.003138950892857143	0.7116671446938323	243552
20	0.00240325927734375	0.004099854227405248	1.0335081366295251	255393
21	0.00240325927734375	0.0035873724489795924	0.8432011176022354	294706
22	0.00240325927734375	0.00468554768846314	0.6908642302209882	297521
23	0.00240325927734375	0.00468554768846314	0.749090449821767	285763
24	0.00240325927734375	0.003138950892857143	0.9024708343203258	266440
25	0.00240325927734375	0.004099854227405248	0.9027688316799474	249971
26	0.00240325927734375	0.00274658203125	0.4705143080389149	272141
27	0.00240325927734375	0.00240325927734375	0.7222281943769627	292365
28	0.00240325927734375	0.00274658203125	1.0499370658246383	232652
29	0.00240325927734375	0.004099854227405248	0.8521759104124148	282356
30	0.00240325927734375	0.00240325927734375	0.7795583161299493	252755
31	0.00240325927734375	0.00468554768846314	0.6746930488384247	273473
32	0.00240325927734375	0.003138950892857143	0.7967098229730211	340142
33	0.00240325927734375	0.005354911643957874	0.6451327292467813	259458
34	0.00240325927734375	0.00468554768846314	0.5438455811244645	300252
35	0.00240325927734375	0.003138950892857143	0.8992311981877168	253847
36	0.00240325927734375	0.003138950892857143	0.4216151515430648	292716
37	0.00240325927734375	0.0035873724489795924	0.6233057228667523	299631
38	0.00240325927734375	0.003138950892857143	0.5985635203069305	295029
39	0.00240325927734375	0.00274658203125	0.8018694085001372	285114
40	0.00240325927734375	0.00274658203125	0.5944252297426385	291345
41	0.00240325927734375	0.0035873724489795924	0.9420219131666361	347987
42	0.00240325927734375	0.004099854227405248	0.7189723453766866	267406
43	0.00240325927734375	0.0035873724489795924	0.7638397460620443	343880
44	0.00240325927734375	0.00468554768846314	0.7454369515957597	295236
45	0.00240325927734375	0.00274658203125	0.3775687570714291	296682
46	0.00240325927734375	0.003138950892857143	0.37199129458584634	257571
47	0.00240325927734375	0.0035873724489795924	0.7266480227557699	292927
48	0.00240325927734375	0.00468554768846314	0.7382924252352308	291745
49	0.00240325927734375	0.00468554768846314	0.749090449821767	256001
50	0.00240325927734375	0.0035873724489795924	0.6084305264741027	301144
51	0.00240325927734375	0.00468554768846314	0.9961321713020196	297812
52	0.00240325927734375	0.00468554768846314	0.9737484416193724	307070
53	0.00240325927734375	0.003138950892857143	0.834710481107529	294710
54	0.00240325927734375	0.004099854227405248	0.551532359870496	303853
55	0.00240325927734375	0.003138950892857143	0.4917483647455395	250636
56	0.00240325927734375	0.0035873724489795924	0.8397558536764611	291293
57	0.00240325927734375	0.003138950892857143	0.26942594390034946	295197
58	0.00240325927734375	0.00274658203125	0.8312619554493847	286902
59	0.00240325927734375	0.0035873724489795924	0.8137005715497756	272232
60	0.00240325927734375	0.00274658203125	0.5848375233935021	314517
61	0.00240325927734375	0.003138950892857143	0.8978705540768555	288944
62	0.00240325927734375	0.00274658203125	0.4321472194956394	278830
63	0.00240325927734375	0.00274658203125	0.27942865957240903	285457
64	0.00240325927734375	0.004099854227405248	0.8668763668899893	313841
65	0.00240325927734375	0.00468554768846314	0.8548226281369711	302201
66	0.00240325927734375	0.0035873724489795924	0.9754157105337318	257277
67	0.00240325927734375	0.003138950892857143	0.5053724480380157	282783
68	0.00240325927734375	0.003138950892857143	0.8246656632677278	289021
69	0.00240325927734375	0.00274658203125	0.6125409717037203	338865
70	0.00240325927734375	0.00468554768846314	0.8682190604986966	286093
71	0.00240325927734375	0.00274658203125	0.454480653946287	272655
72	0.00240325927734375	0.0035873724489795924	0.7176602883672526	297918
73	0.00240325927734375	0.0035873724489795924	0.6451327292467813	255040
74	0.00240325927734375	0.00240325927734375	0.9637942657957339	296348
75	0.00240325927734375	0.00468554768846314	0.9303787370559462	282900
76	0.00240325927734375	0.0035873724489795924	1.0935589816699236	293527
77	0.00240325927734375	0.0035873724489795924	0.9217306513724774	288899
78	0.00240325927734375	0.00274658203125	0.8763806479755227	287940
79	0.00240325927734375	0.00274658203125	0.9086909806823629	292443
80	0.00240325927734375	0.003138950892857143	0.7011111248010313	281514
81	0.00240325927734375	0.004099854227405248	0.9516673770323034	297943
82	0.00240325927734375	0.00468554768846314	0.6791347426266954	247159
83	0.00240325927734375	0.003138950892857143	0.8900509635837879	228816
84	0.00240325927734375	0.004099854227405248	0.7050249539079794	288142
85	0.00240325927734375	0.004099854227405248	1.0583372194300638	295241
86	0.00240325927734375	0.004099854227405248	0.5746429876726563	299814
87	0.00240325927734375	0.005354911643957874	0.7197266152812417	298018
88	0.00240325927734375	0.004099854227405248	0.6973757709027594	290732
89	0.00240325927734375	0.005354911643957874	1.1985804364579982	290247
90	0.00240325927734375	0.007139882191943833	0.9912649116752683	297558
91	0.00240325927734375	0.003138950892857143	0.82322681526833	359589
92	0.00240325927734375	0.004099854227405248	0.626593298130014	292101
93	0.00240325927734375	0.004099854227405248	0.6328168484142378	287156
94	0.00240325927734375	0.0035873724489795924	1.0078187654054807	280305
95	0.00240325927734375	0.003138950892857143	0.3280673200675872	250856
96	0.00240325927734375	0.0035873724489795924	0.6915548535926916	279939
97	0.00240325927734375	0.003138950892857143	0.7289300545238664	258755
98	0.00240325927734375	0.0035873724489795924	0.5895170305537488	272100
99	0.00240325927734375	0.00274658203125	0.8487767586152781	282738
100	0.00240325927734375	0.0035873724489795924	1.0665714541318254	300435
101	0.00240325927734375	0.00274658203125	0.47476898425025754	284742
102	0.00240325927734375	0.004099854227405248	0.5957011110120926	339771
103	0.00240325927734375	0.003138950892857143	1.1635521262747346	298419
104	0.00240325927734375	0.00274658203125	0.559357762060949	296238
105	0.00240325927734375	0.005466472303206997	0.8166210392000062	299354
106	0.00240325927734375	0.00468554768846314	1.3403296077171234	298488
107	0.00240325927734375	0.005354911643957874	1.343879540351949	294816
108	0.00240325927734375	0.004099854227405248	0.5846438992057731	255398
109	0.00240325927734375	0.0035873724489795924	0.9693751113957105	288124
110	0.00240325927734375	0.003138950892857143	0.26942594390034946	346677
111	0.00240325927734375	0.004099854227405248	0.7598833452271068	232570
112	0.00240325927734375	0.004099854227405248	0.957856883316601	230336
113	0.00240325927734375	0.00468554768846314	0.7391037230542011	282181
114	0.00240325927734375	0.004099854227405248	0.9812411593778849	263552
115	0.00240325927734375	0.005354911643957874	0.5882051637578561	302263
116	0.00240325927734375	0.0035873724489795924	0.7455390592603358	286173
117	0.00240325927734375	0.0035873724489795924	0.5641026275798399	290782
118	0.00240325927734375	0.003138950892857143	0.7042324512228719	336512
119	0.00240325927734375	0.0035873724489795924	1.1007196055223094	307385
120	0.00240325927734375	0.00274658203125	0.6701918464982284	286060
121	0.00240325927734375	0.003138950892857143	0.5363619951580719	336328
122	0.00240325927734375	0.00468554768846314	0.9787040734742091	263651
123	0.00240325927734375	0.00274658203125	0.5172833296446856	282747
124	0.00240325927734375	0.003138950892857143	0.7102416530542501	260278
