0	0.00240325927734375	0.00468554768846314	0.9086573646816594	290358
1	0.00240325927734375	0.003138950892857143	0.8519177492351604	308548
2	0.00240325927734375	0.0035873724489795924	0.7777414680830169	292615
3	0.00240325927734375	0.004099854227405248	0.29411855649072083	285498
4	0.00240325927734375	0.00468554768846314	1.259585334790217	273251
5	0.00240325927734375	0.005354911643957874	0.9658666227688893	300869
6	0.00240325927734375	0.005354911643957874	0.7328105212229479	310333
7	0.00240325927734375	0.005354911643957874	0.7990701987599461	333663
8	0.00240325927734375	0.003138950892857143	0.5081004792861414	294550
9	0.00240325927734375	0.003138950892857143	0.9403824841077493	283592
10	0.00240325927734375	0.005354911643957874	0.9172138528765781	271202
11	0.00240325927734375	0.0035873724489795924	1.0977009674710614	271400
12	0.00240325927734375	0.005354911643957874	1.0411977742167293	277346
13	0.00240325927734375	0.003138950892857143	0.7327277385604152	267983
14	0.00240325927734375	0.00468554768846314	0.7828071744138969	252118
15	0.00240325927734375	0.0035873724489795924	0.8032617546045743	316245
16	0.00240325927734375	0.003138950892857143	0.9782991307374105	275301
17	0.00240325927734375	0.00468554768846314	1.1175401587744462	273022
18	0.00240325927734375	0.004099854227405248	0.7514873387713863	273907
19	0.00240325927734375	0.00468554768846314	0.8110748129575149	319691
20	0.00240325927734375	0.004099854227405248	0.6286615256238199	252347
21	0.00240325927734375	0.004099854227405248	1.0476639324919548	271649
22	0.00240325927734375	0.005354911643957874	0.8060920139961625	291347
23	0.00240325927734375	0.003138950892857143	0.27942865957240903	334393
24	0.00240325927734375	0.003138950892857143	0.36509256641028376	275747
25	0.00240325927734375	0.0035873724489795924	1.3391457334610213	273689
26	0.00240325927734375	0.004099854227405248	0.8661425513388974	318170
27	0.00240325927734375	0.00468554768846314	0.9891477986394788	320842
28	0.00240325927734375	0.00274658203125	0.5053724480380157	318396
29	0.00240325927734375	0.003138950892857143	0.7930779345010727	313679
30	0.00240325927734375	0.0035873724489795924	0.6343302066253524	348002
31	0.00240325927734375	0.004099854227405248	0.4986239590348064	366408
32	0.00240325927734375	0.00274658203125	0.5081004792861414	336410
33	0.00240325927734375	0.004099854227405248	0.9775167964900422	314341
34	0.00240325927734375	0.00468554768846314	1.0861176646034811	311197
35	0.00240325927734375	0.003138950892857143	0.9116467167693133	319091
36	0.00240325927734375	0.00274658203125	0.5191529685340931	316560
37	0.00240325927734375	0.003138950892857143	0.9298466895404742	347005
38	0.00240325927734375	0.00274658203125	0.4411100299132249	299898
39	0.00240325927734375	0.00274658203125	0.36879448250521546	316176
40	0.00240325927734375	0.0035873724489795924	0.8064057394022315	366391
41	0.00240325927734375	0.003138950892857143	0.9414055822583143	299338
42	0.00240325927734375	0.003138950892857143	0.7100300800441012	283659
43	0.00240325927734375	0.003138950892857143	0.654777075877634	319497
44	0.00240325927734375	0.004099854227405248	0.8011054648787022	357081
45	0.00240325927734375	0.0035873724489795924	0.910370517333068	349668
46	0.00240325927734375	0.003138950892857143	0.9336521495694914	322720
47	0.00240325927734375	0.003138950892857143	0.9501425464809116	364478
48	0.00240325927734375	0.003138950892857143	0.9393116391166587	335130
49	0.00240325927734375	0.003138950892857143	0.6280179697604316	348746
50	0.00240325927734375	0.00468554768846314	0.6875862849499039	320944
51	0.00240325927734375	0.003138950892857143	0.26129515566389994	337370
52	0.00240325927734375	0.004099854227405248	0.8872501167416011	306002
53	0.00240325927734375	0.004099854227405248	0.5954285011384068	282165
54	0.00240325927734375	0.0035873724489795924	0.6084305264741027	311860
55	0.00240325927734375	0.0035873724489795924	0.7706541293778734	361282
56	0.00240325927734375	0.004099854227405248	0.7558239291136406	319664
57	0.00240325927734375	0.005354911643957874	1.0188155511839232	301783
58	0.00240325927734375	0.0035873724489795924	0.5438975860571336	343095
59	0.00240325927734375	0.00468554768846314	0.7509362647001303	317560
60	0.00240325927734375	0.00468554768846314	0.8166688481082964	358733
61	0.00240325927734375	0.003138950892857143	0.7830521981101183	314415
62	0.00240325927734375	0.0035873724489795924	0.6525341219862626	325993
63	0.00240325927734375	0.0035873724489795924	0.6781585653026645	351572
64	0.00240325927734375	0.004099854227405248	0.8775410418018176	243027
65	0.00240325927734375	0.0035873724489795924	1.203164423782116	306295
66	0.00240325927734375	0.0035873724489795924	0.9085540220461079	312240
67	0.00240325927734375	0.004099854227405248	0.8140846948909406	311190
68	0.00240325927734375	0.003138950892857143	0.7922658007081947	324324
69	0.00240325927734375	0.004099854227405248	0.6796361463493921	343570
70	0.00240325927734375	0.004099854227405248	1.0370603948117871	356059
71	0.00240325927734375	0.004099854227405248	0.8403006431193953	305674
72	0.00240325927734375	0.00274658203125	0.36879448250521546	362671
73	0.00240325927734375	0.003138950892857143	0.6448843237564781	358922
74	0.00240325927734375	0.00468554768846314	0.8589103659386872	354303
75	0.00240325927734375	0.004099854227405248	1.021684979831952	333262
76	0.00240325927734375	0.0035873724489795924	1.0247329495748978	358890
77	0.00240325927734375	0.00468554768846314	0.8833753857303294	307973
78	0.00240325927734375	0.003138950892857143	0.9145120640451966	346567
79	0.00240325927734375	0.00468554768846314	0.8858899064089981	344769
80	0.00240325927734375	0.004099854227405248	0.7892524417489257	322923
81	0.00240325927734375	0.003138950892857143	0.8515025926687014	316123
82	0.00240325927734375	0.00240325927734375	0.7108366841068481	336338
83	0.00240325927734375	0.003138950892857143	0.5882051637578561	335993
84	0.00240325927734375	0.004099854227405248	0.8661963519825046	364635
85	0.00240325927734375	0.0035873724489795924	0.8359610071210897	372602
86	0.00240325927734375	0.0035873724489795924	0.5846438992057731	345306
87	0.00240325927734375	0.003138950892857143	0.6112513686394822	357350
88	0.00240325927734375	0.004099854227405248	1.054111193716324	340851
89	0.00240325927734375	0.00468554768846314	0.8692826104380562	365142
90	0.00240325927734375	0.005354911643957874	0.5895170305537488	289113
91	0.00240325927734375	0.00274658203125	0.6298314151396802	266370
92	0.00240325927734375	0.005354911643957874	0.6383876678838801	322501
93	0.00240325927734375	0.00274658203125	0.8855258637450084	363566
94	0.00240325927734375	0.003138950892857143	0.739454418296801	332659
95	0.00240325927734375	0.003138950892857143	0.7491792958577184	350126
96	0.00240325927734375	0.003138950892857143	0.7857251624205963	358518
97	0.00240325927734375	0.004099854227405248	0.4711263834307338	338963
98	0.00240325927734375	0.003138950892857143	0.4917483647455395	364031
99	0.00240325927734375	0.00274658203125	0.619142256693538	358489
100	0.00240325927734375	0.00468554768846314	0.773391103303477	347040
101	0.00240325927734375	0.003138950892857143	0.8587705982742075	354716
102	0.00240325927734375	0.004099854227405248	0.676403883477658	340850
103	0.00240325927734375	0.003138950892857143	0.7102416530542501	314551
104	0.00240325927734375	0.00468554768846314	0.8753972880241917	253433
105	0.00240325927734375	0.003138950892857143	0.5706569657515563	304947
106	0.00240325927734375	0.003138950892857143	0.6936849864972292	333333
107	0.00240325927734375	0.004099854227405248	0.6342688642426048	342896
108	0.00240325927734375	0.004099854227405248	0.5954285011384068	313919
109	0.00240325927734375	0.003138950892857143	0.5954282982912226	336722
110	0.00240325927734375	0.0035873724489795924	0.9863738398215878	359666
111	0.00240325927734375	0.0035873724489795924	0.6344324522427114	335106
112	0.00240325927734375	0.00468554768846314	0.6770712723003275	309889
113	0.00240325927734375	0.0035873724489795924	0.27942865957240903	357824
114	0.00240325927734375	0.004099854227405248	0.597469793671439	277767
115	0.00240325927734375	0.004099854227405248	0.707570552947323	309534
116	0.00240325927734375	0.00274658203125	0.5712260593395756	360072
117	0.00240325927734375	0.00274658203125	0.6474111252776009	309573
118	0.00240325927734375	0.0035873724489795924	0.27942865957240903	302336
119	0.00240325927734375	0.00468554768846314	0.9593775675464906	299648
120	0.00240325927734375	0.005354911643957874	0.8535713118027233	314101
121	0.00240325927734375	0.004099854227405248	0.9605893315831444	359288
122	0.00240325927734375	0.007139882191943833	1.1481533008239266	307608
123	0.00240325927734375	0.00468554768846314	0.6084305264741027	358250
124	0.00240325927734375	0.00274658203125	0.5192845589394408	309537
