0	0.00240325927734375	0.003138950892857143	0.8305462837641712	277006
1	0.00240325927734375	0.0047831632653061226	0.8386827194137613	276359
2	0.00240325927734375	0.003138950892857143	0.4307214741276705	284107
3	0.00240325927734375	0.003138950892857143	0.5650910707720596	265008
4	0.00240325927734375	0.004099854227405248	0.9686455471991121	312257
5	0.00240325927734375	0.005354911643957874	1.2773025411247159	266529
6	0.00240325927734375	0.003138950892857143	0.6084305264741027	235406
7	0.00240325927734375	0.004099854227405248	0.8844014569853184	231426
8	0.00240325927734375	0.00468554768846314	0.6674234191451528	300971
9	0.00240325927734375	0.00468554768846314	0.6112910728296638	298178
10	0.00240325927734375	0.004099854227405248	1.0085653795060499	290760
11	0.00240325927734375	0.0035873724489795924	0.8037079442865664	342105
12	0.00240325927734375	0.00468554768846314	0.5081004792861414	342761
13	0.00240325927734375	0.0035873724489795924	0.3441138700103165	258516
14	0.00240325927734375	0.00274658203125	0.6268417665673257	312403
15	0.00240325927734375	0.00468554768846314	0.6648552371156095	290380
16	0.00240325927734375	0.004099854227405248	0.6915548535926916	273877
17	0.00240325927734375	0.004099854227405248	0.5954285011384068	325960
18	0.00240325927734375	0.00274658203125	1.3436264629811423	281694
19	0.00240325927734375	0.00274658203125	0.7506463086289268	311760
20	0.00240325927734375	0.003138950892857143	0.9755418157437152	296607
21	0.00240325927734375	0.004099854227405248	1.1129097713329894	305767
22	0.00240325927734375	0.00468554768846314	0.7763016645344903	255928
23	0.00240325927734375	0.006119899021666142	0.7980200301683487	301653
24	0.00240325927734375	0.004099854227405248	0.3966839071762177	329158
25	0.00240325927734375	0.006119899021666142	0.6806215359510435	295782
26	0.00240325927734375	0.0035873724489795924	0.682796597352417	260038
27	0.00240325927734375	0.005354911643957874	0.9699297989079955	345252
28	0.00240325927734375	0.003138950892857143	0.8496185321850398	311249
29	0.00240325927734375	0.00274658203125	0.4648618210715908	247276
30	0.00240325927734375	0.003138950892857143	0.6482976636120993	332017
31	0.00240325927734375	0.00468554768846314	0.6980097920181575	302368
32	0.00240325927734375	0.004099854227405248	1.2811232318807662	260168
33	0.00240325927734375	0.0035873724489795924	0.825822684786815	330413
34	0.00240325927734375	0.003138950892857143	0.4798413711438436	305838
35	0.00240325927734375	0.004099854227405248	0.47989498236885453	269323
36	0.00240325927734375	0.00274658203125	0.626593298130014	348376
37	0.00240325927734375	0.005354911643957874	0.7288313822741609	329614
38	0.00240325927734375	0.005466472303206997	0.7236311906561369	280050
39	0.00240325927734375	0.0035873724489795924	0.4115028919152935	306542
40	0.00240325927734375	0.004099854227405248	0.7344365583338349	350611
41	0.00240325927734375	0.00274658203125	0.6705883535104707	309266
42	0.00240325927734375	0.004099854227405248	0.8177855718312497	302514
43	0.00240325927734375	0.0035873724489795924	0.9369309312678383	332272
44	0.00240325927734375	0.004099854227405248	1.0603473185323042	338307
45	0.00240325927734375	0.00274658203125	0.3949968548992396	310666
46	0.00240325927734375	0.00468554768846314	1.110965263711157	306968
47	0.00240325927734375	0.00468554768846314	1.06541117450553	313223
48	0.00240325927734375	0.003138950892857143	0.36879448250521546	310490
49	0.00240325927734375	0.004099854227405248	1.017049578438813	257671
50	0.00240325927734375	0.00274658203125	0.5126095839448059	335938
51	0.00240325927734375	0.0035873724489795924	0.7410592884839474	322219
52	0.00240325927734375	0.0035873724489795924	0.9837523764210647	307242
53	0.00240325927734375	0.0035873724489795924	1.0666974428578673	295122
54	0.00240325927734375	0.005354911643957874	0.7022014087356845	239470
55	0.00240325927734375	0.004099854227405248	0.8177855718312497	335805
56	0.00240325927734375	0.004099854227405248	0.5957011110120926	312951
57	0.00240325927734375	0.004099854227405248	0.707570552947323	311274
58	0.00240325927734375	0.004099854227405248	0.571780156306666	343644
59	0.00240325927734375	0.003138950892857143	0.9649926749877809	340806
60	0.00240325927734375	0.004099854227405248	0.5615350858854704	353557
61	0.00240325927734375	0.003138950892857143	0.8852960976607447	301220
62	0.00240325927734375	0.00274658203125	0.6277765032975824	300896
63	0.00240325927734375	0.003138950892857143	0.7671398196578567	338903
64	0.00240325927734375	0.00468554768846314	1.166848560100846	340055
65	0.00240325927734375	0.004099854227405248	0.6535496880590731	341669
66	0.00240325927734375	0.005354911643957874	0.8405160569575538	347074
67	0.00240325927734375	0.004099854227405248	0.9688118333757038	329711
68	0.00240325927734375	0.003138950892857143	0.8968629973165556	292711
69	0.00240325927734375	0.004099854227405248	0.715803966495503	310406
70	0.00240325927734375	0.00468554768846314	0.7619859371767089	315778
71	0.00240325927734375	0.00274658203125	0.7471355234942879	311277
72	0.00240325927734375	0.005354911643957874	0.6383876678838801	342792
73	0.00240325927734375	0.00468554768846314	0.8710438557887885	334705
74	0.00240325927734375	0.0035873724489795924	0.3185994521415336	335239
75	0.00240325927734375	0.006119899021666142	1.0142599599093325	334547
76	0.00240325927734375	0.0035873724489795924	0.8535713118027233	332331
77	0.00240325927734375	0.003138950892857143	1.012432602476757	328148
78	0.00240325927734375	0.00274658203125	0.8414123030886097	346175
79	0.00240325927734375	0.00274658203125	0.7374771878521318	338679
80	0.00240325927734375	0.00274658203125	0.3702963559559602	329842
81	0.00240325927734375	0.003138950892857143	0.6251818169507557	241722
82	0.00240325927734375	0.00468554768846314	1.1195720223005572	338304
83	0.00240325927734375	0.004099854227405248	0.8269318613769505	332503
84	0.00240325927734375	0.0035873724489795924	0.7892524417489257	337754
85	0.00240325927734375	0.00274658203125	1.2014213468767996	342719
86	0.00240325927734375	0.0035873724489795924	0.6781017530482094	318080
87	0.00240325927734375	0.0035873724489795924	0.962436405121737	331458
88	0.00240325927734375	0.003138950892857143	1.011452450796069	306142
89	0.00240325927734375	0.003138950892857143	0.37199129458584634	362190
90	0.00240325927734375	0.0035873724489795924	0.7517992368724249	346353
91	0.00240325927734375	0.004099854227405248	1.0208025119132043	328742
92	0.00240325927734375	0.0047831632653061226	1.0371268076989786	337480
93	0.00240325927734375	0.0035873724489795924	0.36879448250521546	346596
94	0.00240325927734375	0.00274658203125	0.7943753544557384	336633
95	0.00240325927734375	0.00274658203125	0.4216151515430648	242995
96	0.00240325927734375	0.00274658203125	1.091783671162253	306090
97	0.00240325927734375	0.003138950892857143	1.0132751082609488	298830
98	0.00240325927734375	0.004099854227405248	0.84278319970765	294654
99	0.00240325927734375	0.00468554768846314	1.0805142023230547	305477
100	0.00240325927734375	0.00274658203125	0.5746429876726563	352639
101	0.00240325927734375	0.003138950892857143	0.7121910642263108	353095
102	0.00240325927734375	0.00274658203125	0.3441138700103165	342791
103	0.00240325927734375	0.00468554768846314	0.9352731008711541	334483
104	0.00240325927734375	0.00274658203125	0.6868088797185117	332284
105	0.00240325927734375	0.00468554768846314	1.0559173788525604	329913
106	0.00240325927734375	0.004099854227405248	0.910370517333068	340889
107	0.00240325927734375	0.00240325927734375	0.5683264767752773	305720
108	0.00240325927734375	0.0035873724489795924	1.3227213728261462	301454
109	0.00240325927734375	0.003138950892857143	0.9970467012778643	240538
110	0.00240325927734375	0.005354911643957874	0.956907125763123	220382
111	0.00240325927734375	0.00468554768846314	0.8362849333296629	292897
112	0.00240325927734375	0.004099854227405248	0.7561241212438912	338951
113	0.00240325927734375	0.00274658203125	0.6540487212580788	301150
114	0.00240325927734375	0.005354911643957874	0.9874248223744949	347852
115	0.00240325927734375	0.003138950892857143	0.6803414625834295	318899
116	0.00240325927734375	0.004099854227405248	0.6328168484142378	344494
117	0.00240325927734375	0.005354911643957874	1.0558296944945365	316974
118	0.00240325927734375	0.003138950892857143	0.7115802122581779	307870
119	0.00240325927734375	0.004099854227405248	0.6796361463493921	337942
120	0.00240325927734375	0.0035873724489795924	0.8835200039876718	311293
121	0.00240325927734375	0.003138950892857143	0.6095368177910734	321682
122	0.00240325927734375	0.005354911643957874	0.9037838868511199	321087
123	0.00240325927734375	0.00468554768846314	0.7582014755907381	340642
124	0.00240325927734375	0.00468554768846314	0.7189723453766866	322661
