0	0.00240325927734375	0.00274658203125	0.40393131528134174	334997
1	0.00240325927734375	0.003138950892857143	0.9406723274494316	313554
2	0.00240325927734375	0.00468554768846314	0.9054905746206932	319862
3	0.00240325927734375	0.004099854227405248	0.9855426322159875	252141
4	0.00240325927734375	0.00274658203125	0.886622392878744	244483
5	0.00240325927734375	0.003138950892857143	0.9680338411216077	349630
6	0.00240325927734375	0.004099854227405248	0.7613660933516148	297766
7	0.00240325927734375	0.004099854227405248	0.8651536025005631	297445
8	0.00240325927734375	0.003138950892857143	1.0085653795060499	289765
9	0.00240325927734375	0.005354911643957874	0.8737946389371779	327703
10	0.00240325927734375	0.00468554768846314	0.6648552371156095	319076
11	0.00240325927734375	0.00468554768846314	0.7349340119162346	256791
12	0.00240325927734375	0.003138950892857143	0.8919325705712464	302947
13	0.00240325927734375	0.005354911643957874	0.5363619951580719	263881
14	0.00240325927734375	0.004099854227405248	0.8929150890219418	321013
15	0.00240325927734375	0.00274658203125	0.5712260593395756	305041
16	0.00240325927734375	0.005354911643957874	0.9260558827953482	318727
17	0.00240325927734375	0.0035873724489795924	0.8808201281107997	362940
18	0.00240325927734375	0.00468554768846314	0.7581055239461187	305981
19	0.00240325927734375	0.0035873724489795924	0.9980710786380778	305085
20	0.00240325927734375	0.0035873724489795924	0.623773332699904	309489
21	0.00240325927734375	0.0035873724489795924	0.90058029788604	303603
22	0.00240325927734375	0.0035873724489795924	0.7360273749930983	282614
23	0.00240325927734375	0.004099854227405248	0.7361491348549596	369687
24	0.00240325927734375	0.0035873724489795924	0.7541483971669205	287869
25	0.00240325927734375	0.003138950892857143	0.36509256641028376	269778
26	0.00240325927734375	0.004099854227405248	0.6910228171134865	320850
27	0.00240325927734375	0.004099854227405248	0.6162559286645557	322733
28	0.00240325927734375	0.004099854227405248	1.0137070836965418	283036
29	0.00240325927734375	0.0035873724489795924	0.8595464587295538	313658
30	0.00240325927734375	0.00274658203125	0.4146291755846023	321112
31	0.00240325927734375	0.006119899021666142	0.7561241212438912	321054
32	0.00240325927734375	0.005354911643957874	1.1010398540888287	329879
33	0.00240325927734375	0.00468554768846314	0.5895170305537488	334965
34	0.00240325927734375	0.004099854227405248	0.8817282755579273	331107
35	0.00240325927734375	0.004099854227405248	1.1031570050425974	327286
36	0.00240325927734375	0.004099854227405248	0.8100441126447798	332864
37	0.00240325927734375	0.005354911643957874	0.8883177168330967	302305
38	0.00240325927734375	0.004099854227405248	0.6986454041652321	322024
39	0.00240325927734375	0.00468554768846314	0.9012349270039088	258191
40	0.00240325927734375	0.00274658203125	0.6588402520167402	322917
41	0.00240325927734375	0.003138950892857143	0.9884193496718197	339568
42	0.00240325927734375	0.004099854227405248	0.6119781743442333	276931
43	0.00240325927734375	0.00468554768846314	1.0578520181703739	264193
44	0.00240325927734375	0.00468554768846314	0.8141748312938346	340743
45	0.00240325927734375	0.005354911643957874	1.0895289882501809	340843
46	0.00240325927734375	0.004099854227405248	1.1613960200580522	335315
47	0.00240325927734375	0.003138950892857143	0.5862429475892403	366364
48	0.00240325927734375	0.004099854227405248	0.45541408671804184	277717
49	0.00240325927734375	0.0035873724489795924	0.8685448948200387	311730
50	0.00240325927734375	0.004099854227405248	0.87790772641092	340401
51	0.00240325927734375	0.00468554768846314	0.9878545312167349	326797
52	0.00240325927734375	0.0035873724489795924	0.5848375233935021	285509
53	0.00240325927734375	0.0035873724489795924	0.7158486184615922	270283
54	0.00240325927734375	0.00468554768846314	1.0633890115744598	360527
55	0.00240325927734375	0.00468554768846314	0.7349340119162346	281110
56	0.00240325927734375	0.00274658203125	0.40301095753191163	332098
57	0.00240325927734375	0.0035873724489795924	0.8587705982742075	371078
58	0.00240325927734375	0.003138950892857143	0.493481545650313	340634
59	0.00240325927734375	0.004099854227405248	0.9407899151644932	329640
60	0.00240325927734375	0.003138950892857143	0.5035931623022096	335535
61	0.00240325927734375	0.004099854227405248	0.6674234191451528	275440
62	0.00240325927734375	0.00274658203125	0.9252090753432672	322228
63	0.00240325927734375	0.003138950892857143	1.0369065222296783	373671
64	0.00240325927734375	0.005354911643957874	0.5592582483653494	343431
65	0.00240325927734375	0.004099854227405248	0.6067701353765611	319860
66	0.00240325927734375	0.004099854227405248	0.5242764158818288	295140
67	0.00240325927734375	0.0035873724489795924	0.7953018623005227	339818
68	0.00240325927734375	0.004099854227405248	1.1355645269037373	332321
69	0.00240325927734375	0.004099854227405248	0.4858296718783282	348926
70	0.00240325927734375	0.00468554768846314	0.8595464587295538	277079
71	0.00240325927734375	0.0035873724489795924	0.36509256641028376	314434
72	0.00240325927734375	0.004099854227405248	0.7417881015156229	319147
73	0.00240325927734375	0.0035873724489795924	0.7132405897528507	328583
74	0.00240325927734375	0.004099854227405248	1.0014492400142436	387269
75	0.00240325927734375	0.0035873724489795924	0.4614484735197566	314912
76	0.00240325927734375	0.003138950892857143	0.8860729275403545	386668
77	0.00240325927734375	0.004099854227405248	1.1537433964043293	270718
78	0.00240325927734375	0.00240325927734375	0.9685730538916988	334183
79	0.00240325927734375	0.00468554768846314	0.9303787370559462	276893
80	0.00240325927734375	0.00468554768846314	0.9203463513318226	265129
81	0.00240325927734375	0.00468554768846314	0.8202256390527495	285816
82	0.00240325927734375	0.003138950892857143	0.3949968548992396	276912
83	0.00240325927734375	0.00468554768846314	0.7440758331832782	328509
84	0.00240325927734375	0.004099854227405248	0.7545799596922109	356387
85	0.00240325927734375	0.00274658203125	0.4146291755846023	315171
86	0.00240325927734375	0.003138950892857143	0.6236337952085094	325992
87	0.00240325927734375	0.00468554768846314	1.202418505289834	346630
88	0.00240325927734375	0.003138950892857143	0.5954285011384068	270975
89	0.00240325927734375	0.0035873724489795924	0.9201189910968213	340288
90	0.00240325927734375	0.005354911643957874	0.9492939939935165	336741
91	0.00240325927734375	0.00240325927734375	0.6482976636120993	341742
92	0.00240325927734375	0.003138950892857143	0.5309027769921314	306572
93	0.00240325927734375	0.0035873724489795924	0.6057148240511083	303021
94	0.00240325927734375	0.00468554768846314	0.6770712723003275	293499
95	0.00240325927734375	0.0035873724489795924	0.4115028919152935	278786
96	0.00240325927734375	0.00468554768846314	0.8918934608194791	303180
97	0.00240325927734375	0.0035873724489795924	0.4146291755846023	315388
98	0.00240325927734375	0.0035873724489795924	1.007971722726053	322470
99	0.00240325927734375	0.003138950892857143	1.2998965650216947	374827
100	0.00240325927734375	0.004099854227405248	0.6986454041652321	332993
101	0.00240325927734375	0.005354911643957874	0.9363717597800352	338513
102	0.00240325927734375	0.00274658203125	0.6637622058578585	268409
103	0.00240325927734375	0.00274658203125	0.5945882147588508	326784
104	0.00240325927734375	0.0035873724489795924	0.8312619554493847	261516
105	0.00240325927734375	0.0035873724489795924	0.7102416530542501	390824
106	0.00240325927734375	0.00468554768846314	0.8880919260376818	315083
107	0.00240325927734375	0.005354911643957874	1.1105470869726755	282751
108	0.00240325927734375	0.006119899021666142	1.0870135170177004	316803
109	0.00240325927734375	0.0035873724489795924	0.6750602575000808	298311
110	0.00240325927734375	0.004099854227405248	0.7574972202614769	306779
111	0.00240325927734375	0.003138950892857143	0.6286615256238199	337097
112	0.00240325927734375	0.004099854227405248	0.714378554575787	313910
113	0.00240325927734375	0.004099854227405248	0.7851377794984339	307362
114	0.00240325927734375	0.004099854227405248	0.45855315010286146	322956
115	0.00240325927734375	0.004099854227405248	0.9730567880349339	367217
116	0.00240325927734375	0.005354911643957874	0.8360002166887709	320117
117	0.00240325927734375	0.003138950892857143	0.7005649579847937	325386
118	0.00240325927734375	0.003138950892857143	0.7022014087356845	309321
119	0.00240325927734375	0.00468554768846314	1.2964200051034536	325342
120	0.00240325927734375	0.004099854227405248	1.0186767132371664	323513
121	0.00240325927734375	0.004099854227405248	0.5669664423045907	316449
122	0.00240325927734375	0.004099854227405248	0.4917483647455395	276949
123	0.00240325927734375	0.004099854227405248	1.0862201591123828	323095
124	0.00240325927734375	0.004099854227405248	0.3280673200675872	266682
