0	0.00240325927734375	0.003138950892857143	0.75611503874457	289255
1	0.00240325927734375	0.004099854227405248	0.5954282982912226	291223
2	0.00240325927734375	0.00468554768846314	0.9019698698215763	283389
3	0.00240325927734375	0.005354911643957874	0.7328105212229479	271997
4	0.00240325927734375	0.00468554768846314	1.0476180217941613	256164
5	0.00240325927734375	0.00274658203125	0.8278862980369122	264913
6	0.00240325927734375	0.004099854227405248	0.714378554575787	280553
7	0.00240325927734375	0.0035873724489795924	0.9934502641823708	294719
8	0.00240325927734375	0.004099854227405248	0.9435457287148956	333875
9	0.00240325927734375	0.00274658203125	0.7422111766715048	265678
10	0.00240325927734375	0.00468554768846314	0.9577162500172313	298914
11	0.00240325927734375	0.003138950892857143	0.7653188021227609	259930
12	0.00240325927734375	0.004099854227405248	0.740837906471948	280864
13	0.00240325927734375	0.005354911643957874	0.920741922547555	249416
14	0.00240325927734375	0.0035873724489795924	0.752599378414696	260308
15	0.00240325927734375	0.00274658203125	0.740837906471948	314175
16	0.00240325927734375	0.0035873724489795924	0.8164054990529657	266326
17	0.00240325927734375	0.00468554768846314	0.749090449821767	271853
18	0.00240325927734375	0.00274658203125	0.9453974448741898	294960
19	0.00240325927734375	0.0035873724489795924	0.44310970425036134	305734
20	0.00240325927734375	0.003138950892857143	0.554445230212033	252461
21	0.00240325927734375	0.006119899021666142	0.6486059469237553	287299
22	0.00240325927734375	0.004099854227405248	0.7491792958577184	255004
23	0.00240325927734375	0.003138950892857143	0.4722614008248937	317273
24	0.00240325927734375	0.003138950892857143	0.907067458521477	240513
25	0.00240325927734375	0.005354911643957874	1.1543829830187513	337650
26	0.00240325927734375	0.004099854227405248	0.29411855649072083	366299
27	0.00240325927734375	0.00468554768846314	0.6233057228667523	319673
28	0.00240325927734375	0.00274658203125	1.05582557562665	335093
29	0.00240325927734375	0.0035873724489795924	0.4307214741276705	284383
30	0.00240325927734375	0.004099854227405248	0.7514873387713863	333740
31	0.00240325927734375	0.0035873724489795924	0.5277457326021664	301924
32	0.00240325927734375	0.005354911643957874	1.2286404066491372	308433
33	0.00240325927734375	0.0035873724489795924	0.779176448791454	320422
34	0.00240325927734375	0.00274658203125	0.5577659038212255	314399
35	0.00240325927734375	0.0035873724489795924	0.6599140629346134	321089
36	0.00240325927734375	0.0035873724489795924	0.7093740165079042	362872
37	0.00240325927734375	0.005354911643957874	1.0142450765306563	340159
38	0.00240325927734375	0.00468554768846314	0.9972999443692219	337681
39	0.00240325927734375	0.004099854227405248	1.1423618664053619	286615
40	0.00240325927734375	0.004099854227405248	0.7444844515535107	248802
41	0.00240325927734375	0.00274658203125	0.37724082830877137	305233
42	0.00240325927734375	0.0035873724489795924	0.44310970425036134	352887
43	0.00240325927734375	0.00468554768846314	0.3185994521415336	348318
44	0.00240325927734375	0.00468554768846314	0.7454369515957597	328866
45	0.00240325927734375	0.004099854227405248	0.8517829819693437	337523
46	0.00240325927734375	0.00468554768846314	1.021428996099245	322170
47	0.00240325927734375	0.0035873724489795924	0.9497455031252743	290356
48	0.00240325927734375	0.0035873724489795924	0.6823879971463176	369056
49	0.00240325927734375	0.005354911643957874	0.8810202435100394	308277
50	0.00240325927734375	0.004099854227405248	0.8197657671452399	340225
51	0.00240325927734375	0.003138950892857143	0.597469793671439	262303
52	0.00240325927734375	0.00274658203125	0.9640429656150804	357629
53	0.00240325927734375	0.0035873724489795924	0.5293184125067912	309946
54	0.00240325927734375	0.004099854227405248	0.6524579045988155	328788
55	0.00240325927734375	0.0035873724489795924	1.0220511225114808	306765
56	0.00240325927734375	0.004099854227405248	0.5826289272877523	321792
57	0.00240325927734375	0.003138950892857143	0.7940243502023173	316317
58	0.00240325927734375	0.003138950892857143	0.4986239590348064	324890
59	0.00240325927734375	0.00468554768846314	0.9442523632783719	333080
60	0.00240325927734375	0.005354911643957874	0.8863658667879466	284997
61	0.00240325927734375	0.003138950892857143	1.0730724114440287	307142
62	0.00240325927734375	0.003138950892857143	0.9363344361288212	345240
63	0.00240325927734375	0.004099854227405248	0.7108366841068481	318985
64	0.00240325927734375	0.003138950892857143	0.82322681526833	342957
65	0.00240325927734375	0.0035873724489795924	0.6277765032975824	320499
66	0.00240325927734375	0.003138950892857143	0.7574196814225235	334105
67	0.00240325927734375	0.003138950892857143	0.47476898425025754	291674
68	0.00240325927734375	0.004099854227405248	0.7892524417489257	338221
69	0.00240325927734375	0.004099854227405248	0.5277457326021664	337777
70	0.00240325927734375	0.0035873724489795924	0.620896954757578	321971
71	0.00240325927734375	0.005354911643957874	1.0598274915282924	294956
72	0.00240325927734375	0.004099854227405248	0.3280673200675872	330427
73	0.00240325927734375	0.005354911643957874	0.8359610071210897	335794
74	0.00240325927734375	0.003138950892857143	0.4726765573913526	336733
75	0.00240325927734375	0.00240325927734375	0.454480653946287	372566
76	0.00240325927734375	0.00274658203125	0.5261961472262644	355192
77	0.00240325927734375	0.005466472303206997	0.7800413432465235	371597
78	0.00240325927734375	0.004099854227405248	0.8006698763828854	357730
79	0.00240325927734375	0.00468554768846314	0.9680338411216077	368316
80	0.00240325927734375	0.003138950892857143	1.2063329744521878	363322
81	0.00240325927734375	0.004099854227405248	0.47459189989497363	304784
82	0.00240325927734375	0.00274658203125	1.0970510004972878	337470
83	0.00240325927734375	0.00274658203125	0.7527467757231311	314656
84	0.00240325927734375	0.0035873724489795924	0.7749692303191569	327408
85	0.00240325927734375	0.004099854227405248	1.0472595029930216	377828
86	0.00240325927734375	0.005354911643957874	0.9111596816711576	342952
87	0.00240325927734375	0.003138950892857143	0.7653188021227609	353327
88	0.00240325927734375	0.005354911643957874	0.7017521242029752	398636
89	0.00240325927734375	0.003138950892857143	0.8016569737340982	337422
90	0.00240325927734375	0.003138950892857143	0.8543564253696764	377282
91	0.00240325927734375	0.00468554768846314	0.749090449821767	332636
92	0.00240325927734375	0.00274658203125	0.9328092551230036	301131
93	0.00240325927734375	0.00274658203125	0.6701918464982284	344503
94	0.00240325927734375	0.00468554768846314	0.7543839517287534	285255
95	0.00240325927734375	0.0035873724489795924	0.8460384941288952	380614
96	0.00240325927734375	0.0035873724489795924	0.4146291755846023	377563
97	0.00240325927734375	0.00274658203125	0.26129515566389994	368407
98	0.00240325927734375	0.0035873724489795924	0.792008090803246	375676
99	0.00240325927734375	0.00468554768846314	0.9146173093780826	332948
100	0.00240325927734375	0.004099854227405248	0.641921615407157	316770
101	0.00240325927734375	0.00274658203125	0.7557673387673773	338126
102	0.00240325927734375	0.0035873724489795924	0.36339977689689984	339824
103	0.00240325927734375	0.003138950892857143	0.7097705947614472	300355
104	0.00240325927734375	0.004099854227405248	0.4648618210715908	323137
105	0.00240325927734375	0.003138950892857143	0.4798413711438436	242293
106	0.00240325927734375	0.004099854227405248	1.0730828357159046	327515
107	0.00240325927734375	0.004099854227405248	0.9775167964900422	333562
108	0.00240325927734375	0.004099854227405248	0.8135323591993553	319374
109	0.00240325927734375	0.005354911643957874	0.7724691468982505	315322
110	0.00240325927734375	0.004099854227405248	0.9342991638243352	322181
111	0.00240325927734375	0.0035873724489795924	0.6561111698386768	312718
112	0.00240325927734375	0.00274658203125	0.8432011176022354	341699
113	0.00240325927734375	0.003138950892857143	0.7222896573560231	322814
114	0.00240325927734375	0.003138950892857143	0.7551771313211623	325860
115	0.00240325927734375	0.0035873724489795924	0.4705143080389149	321570
116	0.00240325927734375	0.003138950892857143	0.41150289191529354	370644
117	0.00240325927734375	0.005354911643957874	0.9454439365763846	316995
118	0.00240325927734375	0.00274658203125	0.5944252297426385	333880
119	0.00240325927734375	0.003138950892857143	0.7653188021227609	322081
120	0.00240325927734375	0.00468554768846314	1.0723106343845328	328026
121	0.00240325927734375	0.004099854227405248	1.1296654256597904	296838
122	0.00240325927734375	0.0035873724489795924	0.6054858133992109	302540
123	0.00240325927734375	0.00468554768846314	1.0086693453017765	323147
124	0.00240325927734375	0.00468554768846314	0.4876556853819445	323026
