0	0.00240325927734375	0.005354911643957874	0.9654521886497145	360701
1	0.00240325927734375	0.003138950892857143	0.4043216966243352	344316
2	0.00240325927734375	0.00274658203125	0.5191529685340931	330577
3	0.00240325927734375	0.00468554768846314	0.9492939939935165	299812
4	0.00240325927734375	0.0035873724489795924	0.7867934556643397	292564
5	0.00240325927734375	0.00240325927734375	0.7880677765337968	344153
6	0.00240325927734375	0.0035873724489795924	0.6287614979117613	282492
7	0.00240325927734375	0.0035873724489795924	0.9032767126928167	317380
8	0.00240325927734375	0.003138950892857143	0.8496185321850398	311337
9	0.00240325927734375	0.0035873724489795924	0.7129418612075873	285339
10	0.00240325927734375	0.00468554768846314	0.8100441126447798	352220
11	0.00240325927734375	0.004099854227405248	0.8007718909201735	334567
12	0.00240325927734375	0.004099854227405248	0.6079588387919129	307557
13	0.00240325927734375	0.00468554768846314	0.8793176514714681	351159
14	0.00240325927734375	0.0035873724489795924	0.9025419497763941	360710
15	0.00240325927734375	0.00468554768846314	0.9117481115215244	243115
16	0.00240325927734375	0.0035873724489795924	0.9037909020959839	300088
17	0.00240325927734375	0.0035873724489795924	0.6048818518042537	302124
18	0.00240325927734375	0.004099854227405248	0.9161586214313273	326636
19	0.00240325927734375	0.004099854227405248	0.9535850707109186	330668
20	0.00240325927734375	0.0035873724489795924	0.5105102843732272	344592
21	0.00240325927734375	0.00274658203125	0.6159921234220044	308924
22	0.00240325927734375	0.003138950892857143	0.6280179697604316	233231
23	0.00240325927734375	0.003138950892857143	0.7961475912266676	263573
24	0.00240325927734375	0.005354911643957874	1.1454372071814198	348661
25	0.00240325927734375	0.003138950892857143	0.8676409759208098	293632
26	0.00240325927734375	0.003138950892857143	1.0833755273948806	342992
27	0.00240325927734375	0.00468554768846314	0.5842435290330148	353521
28	0.00240325927734375	0.003138950892857143	0.9870423740356172	308867
29	0.00240325927734375	0.003138950892857143	0.6251818169507557	299797
30	0.00240325927734375	0.004099854227405248	0.9305363625246525	305140
31	0.00240325927734375	0.003138950892857143	0.6675066333863985	280254
32	0.00240325927734375	0.0035873724489795924	0.6926809265985516	326194
33	0.00240325927734375	0.003138950892857143	0.8130371779342995	333367
34	0.00240325927734375	0.00274658203125	0.7985704023874277	334098
35	0.00240325927734375	0.005354911643957874	0.9620674211474946	349792
36	0.00240325927734375	0.004099854227405248	1.017835381735617	306297
37	0.00240325927734375	0.0035873724489795924	0.8587705982742075	347290
38	0.00240325927734375	0.004099854227405248	0.5521229218175507	312629
39	0.00240325927734375	0.003138950892857143	0.870403073749433	363803
40	0.00240325927734375	0.00468554768846314	0.9700673707470521	279101
41	0.00240325927734375	0.0035873724489795924	0.6483144077034084	281852
42	0.00240325927734375	0.0035873724489795924	0.7782257060118252	297044
43	0.00240325927734375	0.00468554768846314	1.0104905928593548	295661
44	0.00240325927734375	0.004099854227405248	1.0900137034636845	270085
45	0.00240325927734375	0.003138950892857143	0.8802372613213384	313490
46	0.00240325927734375	0.00468554768846314	0.7197266152812417	362971
47	0.00240325927734375	0.004099854227405248	0.6431557109813357	388044
48	0.00240325927734375	0.0035873724489795924	0.8595464587295538	387744
49	0.00240325927734375	0.0035873724489795924	0.8359699722229841	390595
50	0.00240325927734375	0.00468554768846314	0.91501898596758	406101
51	0.00240325927734375	0.004099854227405248	0.6926145932744388	383606
52	0.00240325927734375	0.004099854227405248	0.6448843237564781	345803
53	0.00240325927734375	0.0035873724489795924	0.4321472194956394	363258
54	0.00240325927734375	0.00468554768846314	1.1387242341613235	368536
55	0.00240325927734375	0.00468554768846314	0.7737852425688121	351535
56	0.00240325927734375	0.00468554768846314	0.9537791860719214	334573
57	0.00240325927734375	0.0035873724489795924	0.6945272301702632	362791
58	0.00240325927734375	0.003138950892857143	0.762157968892608	381271
59	0.00240325927734375	0.005354911643957874	1.0364518053401148	348333
60	0.00240325927734375	0.004099854227405248	1.0232221251390767	354920
61	0.00240325927734375	0.00274658203125	0.5801892392138823	355275
62	0.00240325927734375	0.005354911643957874	0.5486569155892225	401435
63	0.00240325927734375	0.003138950892857143	0.7636847266851301	376153
64	0.00240325927734375	0.003138950892857143	0.9169879915783635	332034
65	0.00240325927734375	0.00468554768846314	0.9957889566416906	348847
66	0.00240325927734375	0.00468554768846314	0.7630116178036304	407360
67	0.00240325927734375	0.00274658203125	0.740837906471948	392784
68	0.00240325927734375	0.004099854227405248	0.9113248497037325	382323
69	0.00240325927734375	0.004099854227405248	0.8710729978974412	352155
70	0.00240325927734375	0.00274658203125	0.7809425179021237	383476
71	0.00240325927734375	0.0035873724489795924	0.7969013275848398	392434
72	0.00240325927734375	0.004099854227405248	0.9343774900028778	386875
73	0.00240325927734375	0.00468554768846314	0.8011054648787022	391172
74	0.00240325927734375	0.004099854227405248	0.9428532274627103	353993
75	0.00240325927734375	0.00468554768846314	0.8297158704907285	371638
76	0.00240325927734375	0.003138950892857143	0.8619943562084179	392653
77	0.00240325927734375	0.00274658203125	1.0553017706952876	294612
78	0.00240325927734375	0.005354911643957874	0.8095156359573589	403932
79	0.00240325927734375	0.00274658203125	0.6834616477765454	397908
80	0.00240325927734375	0.00274658203125	0.4411100299132249	365104
81	0.00240325927734375	0.003138950892857143	0.8100214483552819	380803
82	0.00240325927734375	0.00274658203125	0.6676366066321484	330684
83	0.00240325927734375	0.004099854227405248	1.0557492635937928	321684
84	0.00240325927734375	0.0035873724489795924	0.4115028919152935	398348
85	0.00240325927734375	0.004099854227405248	0.953143068146215	363933
86	0.00240325927734375	0.00468554768846314	0.8544266831001259	397411
87	0.00240325927734375	0.003138950892857143	0.6288556659146406	379668
88	0.00240325927734375	0.003138950892857143	0.4894829601663889	360964
89	0.00240325927734375	0.005354911643957874	0.5882051637578561	380155
90	0.00240325927734375	0.0035873724489795924	0.3193425374706503	388367
91	0.00240325927734375	0.00274658203125	0.6429197020950927	383991
92	0.00240325927734375	0.004099854227405248	1.0189588332292954	359881
93	0.00240325927734375	0.004099854227405248	0.5775187919289021	385353
94	0.00240325927734375	0.005354911643957874	1.012432602476757	382625
95	0.00240325927734375	0.004099854227405248	0.9479614619276635	381650
96	0.00240325927734375	0.003138950892857143	0.6923368502348177	375208
97	0.00240325927734375	0.0035873724489795924	0.86285220135353	296165
98	0.00240325927734375	0.00274658203125	0.7506463086289268	297471
99	0.00240325927734375	0.004099854227405248	1.1349968047810703	399524
100	0.00240325927734375	0.003138950892857143	0.36879448250521546	346880
101	0.00240325927734375	0.004099854227405248	0.5988624626688432	383306
102	0.00240325927734375	0.004099854227405248	0.8680003055937398	356402
103	0.00240325927734375	0.005354911643957874	0.8810202435100394	339097
104	0.00240325927734375	0.00468554768846314	0.7948602392183894	378193
105	0.00240325927734375	0.0035873724489795924	0.7514873387713863	397029
106	0.00240325927734375	0.0035873724489795924	0.6750602575000808	377271
107	0.00240325927734375	0.005354911643957874	0.9423538760678853	359780
108	0.00240325927734375	0.00274658203125	0.6745167800974325	384443
109	0.00240325927734375	0.004099854227405248	0.6429197020950927	373164
110	0.00240325927734375	0.004099854227405248	0.5988624626688432	354215
111	0.00240325927734375	0.004099854227405248	0.7129418612075873	355645
112	0.00240325927734375	0.003138950892857143	0.8349274517797342	355305
113	0.00240325927734375	0.003138950892857143	0.9472551805177766	354635
114	0.00240325927734375	0.004099854227405248	1.0073541057928765	357257
115	0.00240325927734375	0.0035873724489795924	0.7189189844360439	333572
116	0.00240325927734375	0.0035873724489795924	0.9160196940079403	333718
117	0.00240325927734375	0.004099854227405248	0.8037262531341928	331058
118	0.00240325927734375	0.004099854227405248	0.9989784966592827	330979
119	0.00240325927734375	0.004099854227405248	0.641921615407157	388264
120	0.00240325927734375	0.00468554768846314	1.1143870667784819	357524
121	0.00240325927734375	0.005354911643957874	1.118480072651566	386293
122	0.00240325927734375	0.003138950892857143	0.840619394724514	376407
123	0.00240325927734375	0.00240325927734375	0.805212017505129	378044
124	0.00240325927734375	0.00468554768846314	0.8011054648787022	353684
