0	0.00240325927734375	0.0035873724489795924	0.620896954757578	294822
1	0.00240325927734375	0.00274658203125	0.6455920139143203	306103
2	0.00240325927734375	0.004099854227405248	0.7060392875955529	249387
3	0.00240325927734375	0.00274658203125	0.6705883535104707	302974
4	0.00240325927734375	0.004099854227405248	0.7254530698194445	261641
5	0.00240325927734375	0.00274658203125	1.2117594993198169	283454
6	0.00240325927734375	0.004099854227405248	0.9991336531116809	320717
7	0.00240325927734375	0.004099854227405248	1.03473272103493	284616
8	0.00240325927734375	0.003138950892857143	0.4596471859326845	288313
9	0.00240325927734375	0.004099854227405248	1.1331192285884213	315644
10	0.00240325927734375	0.005354911643957874	0.6486059469237553	296966
11	0.00240325927734375	0.0035873724489795924	0.675006914576907	245907
12	0.00240325927734375	0.003138950892857143	0.6587112844569967	246021
13	0.00240325927734375	0.003138950892857143	0.787414617018555	328091
14	0.00240325927734375	0.004099854227405248	0.9482987579705014	296905
15	0.00240325927734375	0.003138950892857143	0.6552457435622479	295036
16	0.00240325927734375	0.006119899021666142	0.573962807042313	307717
17	0.00240325927734375	0.00468554768846314	0.9548294185094259	278205
18	0.00240325927734375	0.0035873724489795924	0.9240507591376372	329617
19	0.00240325927734375	0.004099854227405248	0.9085145497241449	244032
20	0.00240325927734375	0.00468554768846314	0.635782759994945	324973
21	0.00240325927734375	0.00240325927734375	0.5499847848759808	253849
22	0.00240325927734375	0.00468554768846314	0.9861277599915638	290009
23	0.00240325927734375	0.00468554768846314	0.6926809265985516	340787
24	0.00240325927734375	0.005354911643957874	1.2545883853877338	289532
25	0.00240325927734375	0.00468554768846314	0.7332331341776858	259861
26	0.00240325927734375	0.0035873724489795924	0.9523942129909773	272243
27	0.00240325927734375	0.005354911643957874	0.9900516315354145	277359
28	0.00240325927734375	0.003138950892857143	0.7960737447349281	288810
29	0.00240325927734375	0.0035873724489795924	0.7113147139892037	304439
30	0.00240325927734375	0.00468554768846314	0.8011054648787022	302496
31	0.00240325927734375	0.00274658203125	0.5367126567672513	322267
32	0.00240325927734375	0.003138950892857143	1.001369236493751	312140
33	0.00240325927734375	0.00274658203125	0.5163548647066248	314223
34	0.00240325927734375	0.00274658203125	0.6540487212580788	332266
35	0.00240325927734375	0.004099854227405248	0.8177855718312497	272082
36	0.00240325927734375	0.004099854227405248	0.8085653684344305	330131
37	0.00240325927734375	0.00274658203125	0.5892998767552383	325415
38	0.00240325927734375	0.00274658203125	0.37724082830877137	333335
39	0.00240325927734375	0.003138950892857143	0.8543564253696764	331586
40	0.00240325927734375	0.004099854227405248	0.7543839517287534	300817
41	0.00240325927734375	0.003138950892857143	0.5062039293537564	297783
42	0.00240325927734375	0.0035873724489795924	0.7382924252352308	348453
43	0.00240325927734375	0.004185267857142856	0.8676390455495653	281780
44	0.00240325927734375	0.004099854227405248	0.597469793671439	317624
45	0.00240325927734375	0.004099854227405248	0.7630068283960101	294160
46	0.00240325927734375	0.004099854227405248	0.8016569737340982	268521
47	0.00240325927734375	0.00240325927734375	0.6303083534375218	330868
48	0.00240325927734375	0.005354911643957874	1.0237794429061196	322788
49	0.00240325927734375	0.00468554768846314	0.5895170305537488	330337
50	0.00240325927734375	0.0035873724489795924	0.8514804494779187	290025
51	0.00240325927734375	0.004099854227405248	0.8514804494779187	265837
52	0.00240325927734375	0.004099854227405248	1.0821008680351714	321014
53	0.00240325927734375	0.00468554768846314	0.6973757709027594	351267
54	0.00240325927734375	0.003138950892857143	0.3193425374706503	350133
55	0.00240325927734375	0.00468554768846314	0.7017521242029752	282663
56	0.00240325927734375	0.00468554768846314	0.9520371671990743	299106
57	0.00240325927734375	0.0035873724489795924	0.8091138562248298	301196
58	0.00240325927734375	0.004099854227405248	0.9377312446277385	267216
59	0.00240325927734375	0.0035873724489795924	0.8347961564433928	290803
60	0.00240325927734375	0.005354911643957874	0.9658666227688893	289837
61	0.00240325927734375	0.00468554768846314	1.0799907629988466	312438
62	0.00240325927734375	0.00468554768846314	1.1716443743555631	310842
63	0.00240325927734375	0.005354911643957874	0.5486569155892225	275165
64	0.00240325927734375	0.003138950892857143	0.26129515566389994	325002
65	0.00240325927734375	0.0035873724489795924	1.1826363483369329	320269
66	0.00240325927734375	0.004099854227405248	0.63369547406758	245286
67	0.00240325927734375	0.00274658203125	0.4115028919152935	314019
68	0.00240325927734375	0.00468554768846314	1.0714735025991806	352037
69	0.00240325927734375	0.004099854227405248	0.7097705947614472	333205
70	0.00240325927734375	0.003138950892857143	0.7123439485339038	314769
71	0.00240325927734375	0.003138950892857143	0.6112513686394822	306555
72	0.00240325927734375	0.0035873724489795924	0.8414252170056149	284678
73	0.00240325927734375	0.004099854227405248	0.7980200301683487	329035
74	0.00240325927734375	0.00468554768846314	0.8569493024142503	323822
75	0.00240325927734375	0.003138950892857143	0.7314541204626409	286956
76	0.00240325927734375	0.00468554768846314	1.0511091762996465	279624
77	0.00240325927734375	0.004099854227405248	0.9649547772591422	317299
78	0.00240325927734375	0.004099854227405248	0.8872377132143623	309676
79	0.00240325927734375	0.00274658203125	0.6719545721242329	264124
80	0.00240325927734375	0.003138950892857143	0.907067458521477	266676
81	0.00240325927734375	0.004099854227405248	0.8078284550002209	347117
82	0.00240325927734375	0.0035873724489795924	0.9025419497763941	330479
83	0.00240325927734375	0.00274658203125	0.6576223988608134	277420
84	0.00240325927734375	0.0035873724489795924	0.8525314001431632	277061
85	0.00240325927734375	0.0035873724489795924	1.0366223577784994	297166
86	0.00240325927734375	0.003138950892857143	0.5035931623022096	319625
87	0.00240325927734375	0.0035873724489795924	0.5953033681844802	344633
88	0.00240325927734375	0.004099854227405248	0.47989498236885453	329592
89	0.00240325927734375	0.00468554768846314	0.8478910516481252	304136
90	0.00240325927734375	0.0035873724489795924	0.4596471859326845	328176
91	0.00240325927734375	0.0035873724489795924	0.6580706665746365	342936
92	0.00240325927734375	0.004099854227405248	0.9102064762399075	340410
93	0.00240325927734375	0.004099854227405248	0.886227797056727	336201
94	0.00240325927734375	0.00468554768846314	0.7910998227613809	296714
95	0.00240325927734375	0.003138950892857143	0.4711263834307338	321156
96	0.00240325927734375	0.003138950892857143	1.0350492007354233	309078
97	0.00240325927734375	0.004099854227405248	0.8997952647002623	290942
98	0.00240325927734375	0.0035873724489795924	0.8624304720666799	343158
99	0.00240325927734375	0.00468554768846314	0.7737852425688121	300109
100	0.00240325927734375	0.0035873724489795924	0.825822684786815	280765
101	0.00240325927734375	0.00468554768846314	0.5895170305537488	285291
102	0.00240325927734375	0.003138950892857143	0.9487479342350243	312722
103	0.00240325927734375	0.004099854227405248	0.5309027769921314	285055
104	0.00240325927734375	0.004099854227405248	0.6796361463493921	325766
105	0.00240325927734375	0.005354911643957874	0.7376143021932487	336921
106	0.00240325927734375	0.00468554768846314	0.5957011110120926	314471
107	0.00240325927734375	0.00468554768846314	0.876096548565412	319620
108	0.00240325927734375	0.0035873724489795924	1.1043036824997368	290026
109	0.00240325927734375	0.003138950892857143	0.7279836629288158	323862
110	0.00240325927734375	0.005354911643957874	0.7561241212438912	316525
111	0.00240325927734375	0.00468554768846314	0.7557673387673773	305827
112	0.00240325927734375	0.004099854227405248	0.493481545650313	306762
113	0.00240325927734375	0.0035873724489795924	0.7417881015156229	351997
114	0.00240325927734375	0.004099854227405248	0.9271215021000756	348740
115	0.00240325927734375	0.003138950892857143	0.8564646822384463	361409
116	0.00240325927734375	0.004099854227405248	0.9286444656123807	363477
117	0.00240325927734375	0.0035873724489795924	0.7108366841068481	301537
118	0.00240325927734375	0.00274658203125	0.7078539666717585	286070
119	0.00240325927734375	0.00274658203125	0.5873657943135415	313467
120	0.00240325927734375	0.00468554768846314	0.7720180866333154	286729
121	0.00240325927734375	0.004099854227405248	0.5486569155892225	283989
122	0.00240325927734375	0.004099854227405248	0.7561514582127083	281197
123	0.00240325927734375	0.00274658203125	1.0309276758838566	305946
124	0.00240325927734375	0.00468554768846314	0.6908642302209882	323847
