0	0.00240325927734375	0.00274658203125	0.37724082830877137	265192
1	0.00240325927734375	0.004099854227405248	0.5826289272877523	256343
2	0.00240325927734375	0.00468554768846314	0.6095368177910734	256962
3	0.00240325927734375	0.004099854227405248	0.8624304720666799	337459
4	0.00240325927734375	0.003138950892857143	0.6600936661472595	338832
5	0.00240325927734375	0.0035873724489795924	0.7509362647001303	289786
6	0.00240325927734375	0.00468554768846314	0.5316671508538642	470672
7	0.00240325927734375	0.005354911643957874	0.6486059469237553	294602
8	0.00240325927734375	0.0035873724489795924	0.8895097723613143	581054
9	0.00240325927734375	0.004099854227405248	0.8006698763828854	813594
10	0.00240325927734375	0.00468554768846314	0.9919549406106792	410733
11	0.00240325927734375	0.004099854227405248	0.7450350993192905	822591
12	0.00240325927734375	0.003138950892857143	0.9365065270458519	2494397
13	0.00240325927734375	0.003138950892857143	1.064889514302121	645720
14	0.00240325927734375	0.0035873724489795924	0.7667987478561333	415100
15	0.00240325927734375	0.003138950892857143	0.953803643432083	2157303
16	0.00240325927734375	0.00274658203125	0.6125409717037203	651465
17	0.00240325927734375	0.004099854227405248	0.749602235399442	587368
18	0.00240325927734375	0.003138950892857143	0.6280179697604316	1376079
19	0.00240325927734375	0.004099854227405248	0.6923368502348177	484364
20	0.00240325927734375	0.004099854227405248	0.770310391800002	601759
21	0.00240325927734375	0.0035873724489795924	0.5169954825889849	2439350
22	0.00240325927734375	0.003138950892857143	1.2178214875782225	436993
23	0.00240325927734375	0.006119899021666142	0.9403724733656578	379910
24	0.00240325927734375	0.003138950892857143	0.980083499464815	2399794
25	0.00240325927734375	0.003138950892857143	0.7625957261065338	569401
26	0.00240325927734375	0.004099854227405248	0.46305187616615934	642655
27	0.00240325927734375	0.0035873724489795924	0.8671612380315802	2197707
28	0.00240325927734375	0.003138950892857143	0.36879448250521546	362125
29	0.00240325927734375	0.003138950892857143	0.910370517333068	326164
30	0.00240325927734375	0.0035873724489795924	0.454480653946287	1788163
31	0.00240325927734375	0.00274658203125	0.5738630213636511	704186
32	0.00240325927734375	0.003138950892857143	0.3441138700103165	651693
33	0.00240325927734375	0.00468554768846314	1.049435927087678	1923634
34	0.00240325927734375	0.0035873724489795924	1.1211395797991972	323137
35	0.00240325927734375	0.0035873724489795924	0.7289300545238664	311491
36	0.00240325927734375	0.004099854227405248	0.4705143080389149	3247338
37	0.00240325927734375	0.00274658203125	0.948960866501633	751712
38	0.00240325927734375	0.005354911643957874	0.8280184205049413	546392
39	0.00240325927734375	0.004099854227405248	0.7937356001625933	1013484
40	0.00240325927734375	0.00274658203125	0.6251295181977089	784953
41	0.00240325927734375	0.004099854227405248	0.7022014087356845	561281
42	0.00240325927734375	0.003138950892857143	0.4798413711438436	3003906
43	0.00240325927734375	0.00274658203125	0.5886991353005039	369187
44	0.00240325927734375	0.003138950892857143	0.6184630983909642	513676
45	0.00240325927734375	0.00468554768846314	0.7176602883672526	357665
46	0.00240325927734375	0.004099854227405248	1.0085320806574947	288015
47	0.00240325927734375	0.0035873724489795924	0.583330290527021	294191
48	0.00240325927734375	0.005354911643957874	0.9104891463973894	296300
49	0.00240325927734375	0.00274658203125	0.5126095839448059	287404
50	0.00240325927734375	0.005354911643957874	0.5882051637578561	295043
51	0.00240325927734375	0.00468554768846314	0.9855426322159875	290457
52	0.00240325927734375	0.003138950892857143	0.7922658007081947	288571
53	0.00240325927734375	0.00468554768846314	0.9582519574245381	288578
54	0.00240325927734375	0.0035873724489795924	1.1906849688494312	292624
55	0.00240325927734375	0.0035873724489795924	0.9620223730783725	295249
56	0.00240325927734375	0.0035873724489795924	0.768309910869891	289588
57	0.00240325927734375	0.00274658203125	0.5053724480380157	293202
58	0.00240325927734375	0.003138950892857143	0.4917483647455395	294555
59	0.00240325927734375	0.00274658203125	0.38288381031244606	293829
60	0.00240325927734375	0.004099854227405248	0.8329968930779454	302678
61	0.00240325927734375	0.006119899021666142	0.6348663589710202	328172
62	0.00240325927734375	0.004099854227405248	0.3966839071762177	334470
63	0.00240325927734375	0.003138950892857143	0.8939523705284	316391
64	0.00240325927734375	0.00274658203125	0.4321472194956394	556033
65	0.00240325927734375	0.0035873724489795924	1.053187679869921	402675
66	0.00240325927734375	0.0035873724489795924	0.5846438992057731	3626252
67	0.00240325927734375	0.00468554768846314	1.0373600018525024	698477
68	0.00240325927734375	0.00468554768846314	0.8371911726880021	370741
69	0.00240325927734375	0.00274658203125	0.962436405121737	3696391
70	0.00240325927734375	0.0035873724489795924	0.7289300545238664	692074
71	0.00240325927734375	0.00274658203125	0.5886991353005039	370361
72	0.00240325927734375	0.00468554768846314	1.070587698083032	3951682
73	0.00240325927734375	0.003138950892857143	0.9113248497037325	587560
74	0.00240325927734375	0.004099854227405248	0.7275668085700445	431530
75	0.00240325927734375	0.0035873724489795924	0.7705533893840184	4302846
76	0.00240325927734375	0.00468554768846314	1.2001038384181024	760872
77	0.00240325927734375	0.003138950892857143	0.7279836629288158	437124
78	0.00240325927734375	0.004099854227405248	0.5753307114514359	4053940
79	0.00240325927734375	0.004099854227405248	0.6922948885328926	974559
80	0.00240325927734375	0.0035873724489795924	0.5081004792861414	442653
81	0.00240325927734375	0.0035873724489795924	0.22858055408794858	3507512
82	0.00240325927734375	0.003138950892857143	0.613645161613009	645329
83	0.00240325927734375	0.0035873724489795924	0.8671612380315802	414470
30	0.00240325927734375	0.004099854227405248	1.0125383771654257	2896881
31	0.00240325927734375	0.0035873724489795924	0.960510428730623	827568
32	0.00240325927734375	0.003138950892857143	0.7991667635868108	763031
33	0.00240325927734375	0.005354911643957874	0.6648552371156095	1680160
34	0.00240325927734375	0.004099854227405248	0.6674234191451528	611063
35	0.00240325927734375	0.0035873724489795924	0.7996135617435007	676429
36	0.00240325927734375	0.0035873724489795924	0.9180465384190214	3030440
37	0.00240325927734375	0.00468554768846314	1.211764781055617	2088229
38	0.00240325927734375	0.003138950892857143	1.0085653795060499	2227402
39	0.00240325927734375	0.003138950892857143	0.6057148240511083	2964881
40	0.00240325927734375	0.005354911643957874	1.1746023514749007	667230
41	0.00240325927734375	0.003138950892857143	0.7679079850347026	478321
42	0.00240325927734375	0.0035873724489795924	0.711994084723933	3682980
43	0.00240325927734375	0.00274658203125	0.3193425374706503	2071491
44	0.00240325927734375	0.005354911643957874	0.9699297989079955	690832
45	0.00240325927734375	0.00274658203125	0.454480653946287	1480413
46	0.00240325927734375	0.004099854227405248	0.6922948885328926	478906
47	0.00240325927734375	0.003138950892857143	0.6688323068437062	582863
48	0.00240325927734375	0.0035873724489795924	0.6604462671181335	3358686
49	0.00240325927734375	0.00468554768846314	0.8164199471735665	625835
0	0.00240325927734375	0.00468554768846314	0.8037996786464587	290740
1	0.00240325927734375	0.0035873724489795924	0.910370517333068	268444
2	0.00240325927734375	0.004099854227405248	0.80014328877491	262841
3	0.00240325927734375	0.003138950892857143	0.9875349042263515	485355
4	0.00240325927734375	0.004099854227405248	1.0029311249126098	313264
5	0.00240325927734375	0.004099854227405248	1.040421231648276	291322
6	0.00240325927734375	0.004099854227405248	1.0424362554148647	837269
7	0.00240325927734375	0.005354911643957874	0.8691547715913189	429593
8	0.00240325927734375	0.00274658203125	0.5363619951580719	592505
9	0.00240325927734375	0.005354911643957874	1.118631537498586	1521076
10	0.00240325927734375	0.004099854227405248	1.088124267591135	670150
11	0.00240325927734375	0.00468554768846314	0.7737852425688121	592701
12	0.00240325927734375	0.0035873724489795924	0.5081004792861414	2135040
13	0.00240325927734375	0.003138950892857143	0.7443440662717085	961110
14	0.00240325927734375	0.00468554768846314	1.0006648895131625	2261854
15	0.00240325927734375	0.004099854227405248	0.9899635899278546	2875188
16	0.00240325927734375	0.004099854227405248	0.7477836847950751	2079215
17	0.00240325927734375	0.00468554768846314	1.0319746612201512	619593
18	0.00240325927734375	0.00274658203125	0.6580473193539779	4874858
19	0.00240325927734375	0.00468554768846314	1.1352700549533599	549590
20	0.00240325927734375	0.0035873724489795924	1.0208338718290502	413547
