0	0.00240325927734375	0.0035873724489795924	1.2764896693208336	279549
1	0.00240325927734375	0.0035873724489795924	0.7858815712676077	247406
2	0.00240325927734375	0.004099854227405248	1.0454634016657791	235881
3	0.00240325927734375	0.00274658203125	0.4146291755846023	254153
4	0.00240325927734375	0.005354911643957874	0.979848976352885	243937
5	0.00240325927734375	0.003138950892857143	1.1129650231169685	228962
6	0.00240325927734375	0.004099854227405248	0.551532359870496	281771
7	0.00240325927734375	0.004099854227405248	0.916280272232852	284101
8	0.00240325927734375	0.0035873724489795924	0.8788169922356253	249902
9	0.00240325927734375	0.0035873724489795924	0.5277457326021664	249746
10	0.00240325927734375	0.00468554768846314	0.7301225909934315	292034
11	0.00240325927734375	0.004099854227405248	0.6674234191451528	334666
12	0.00240325927734375	0.004099854227405248	1.0004402050578673	286314
13	0.00240325927734375	0.003138950892857143	0.6138259267365053	319177
14	0.00240325927734375	0.005354911643957874	0.8535713118027233	285253
15	0.00240325927734375	0.00468554768846314	1.1371881741342544	298976
16	0.00240325927734375	0.00468554768846314	0.5438975860571336	341455
17	0.00240325927734375	0.00468554768846314	1.090618276569169	290685
18	0.00240325927734375	0.003138950892857143	1.1071656170993605	284965
19	0.00240325927734375	0.0035873724489795924	1.097531515270753	266207
20	0.00240325927734375	0.005354911643957874	0.6806215359510435	293681
21	0.00240325927734375	0.003138950892857143	1.0686397282877258	284385
22	0.00240325927734375	0.004099854227405248	0.5893387435099808	278031
23	0.00240325927734375	0.005354911643957874	0.7581055239461187	290335
24	0.00240325927734375	0.00274658203125	0.7858815712676077	294635
25	0.00240325927734375	0.00468554768846314	0.8630047887241346	298640
26	0.00240325927734375	0.00240325927734375	0.47476898425025754	281337
27	0.00240325927734375	0.006247396917950854	0.7148569160899233	236065
28	0.00240325927734375	0.004099854227405248	0.9240507591376372	246247
29	0.00240325927734375	0.0035873724489795924	0.8710729978974412	284937
30	0.00240325927734375	0.004099854227405248	0.8833753857303294	297741
31	0.00240325927734375	0.00468554768846314	0.6479983354571237	304530
32	0.00240325927734375	0.00274658203125	0.22858055408794858	280195
33	0.00240325927734375	0.004099854227405248	0.7260488631284274	305295
34	0.00240325927734375	0.00274658203125	0.8348890438474144	231959
35	0.00240325927734375	0.0035873724489795924	1.0026239755728121	242644
36	0.00240325927734375	0.00468554768846314	0.8499423510088602	228321
37	0.00240325927734375	0.0035873724489795924	0.6286783229102727	287082
38	0.00240325927734375	0.0047831632653061226	1.0883608111339487	283142
39	0.00240325927734375	0.0035873724489795924	0.7410592884839474	333193
40	0.00240325927734375	0.0035873724489795924	0.8720587652840096	288863
41	0.00240325927734375	0.005354911643957874	0.5486569155892225	297807
42	0.00240325927734375	0.00274658203125	0.8404001943071281	286072
43	0.00240325927734375	0.0035873724489795924	0.9517176683098314	292576
44	0.00240325927734375	0.003138950892857143	0.8581573570493224	237308
45	0.00240325927734375	0.0035873724489795924	0.7100300800441012	249280
46	0.00240325927734375	0.004099854227405248	0.6540487212580788	281059
47	0.00240325927734375	0.003138950892857143	0.5957011110120926	298044
48	0.00240325927734375	0.0035873724489795924	1.1065401585206436	295504
49	0.00240325927734375	0.003138950892857143	0.7481053577385229	287301
50	0.00240325927734375	0.00240325927734375	0.9544525560945778	250662
51	0.00240325927734375	0.004099854227405248	0.9363717597800352	286304
52	0.00240325927734375	0.004099854227405248	1.2388926412205725	258388
53	0.00240325927734375	0.00274658203125	0.9446727580004457	259223
54	0.00240325927734375	0.00274658203125	0.8222224767044702	240841
55	0.00240325927734375	0.004099854227405248	1.0546646134267752	286214
56	0.00240325927734375	0.003138950892857143	0.7831699225545163	268135
57	0.00240325927734375	0.00240325927734375	0.5783102202625546	346284
58	0.00240325927734375	0.00468554768846314	0.4411100299132249	307112
59	0.00240325927734375	0.004099854227405248	0.6106733468314501	285688
60	0.00240325927734375	0.0035873724489795924	0.7248448335959164	264335
61	0.00240325927734375	0.004099854227405248	0.9535850707109186	280148
62	0.00240325927734375	0.00274658203125	0.6855719461091498	287201
63	0.00240325927734375	0.00468554768846314	1.1471561520343254	298283
64	0.00240325927734375	0.004099854227405248	0.5486569155892225	272464
65	0.00240325927734375	0.0035873724489795924	1.2171970141452215	284636
66	0.00240325927734375	0.004099854227405248	1.2084132447258789	276780
67	0.00240325927734375	0.00274658203125	0.7161452938815767	300488
68	0.00240325927734375	0.0035873724489795924	0.5438975860571336	283851
69	0.00240325927734375	0.00468554768846314	0.9812411593778849	274212
70	0.00240325927734375	0.003138950892857143	0.7051287755942099	258646
71	0.00240325927734375	0.00468554768846314	1.0022064712440368	284524
72	0.00240325927734375	0.00468554768846314	0.6945272301702632	284580
73	0.00240325927734375	0.00468554768846314	0.8287796089847973	298476
74	0.00240325927734375	0.004099854227405248	0.7417881015156229	296449
75	0.00240325927734375	0.0035873724489795924	0.740837906471948	286726
76	0.00240325927734375	0.004099854227405248	0.9100440850410473	283205
77	0.00240325927734375	0.004099854227405248	0.6302961802268212	275552
78	0.00240325927734375	0.00240325927734375	0.4894829601663889	233891
79	0.00240325927734375	0.0035873724489795924	0.4358605586643549	274824
80	0.00240325927734375	0.004099854227405248	0.751315943664424	268407
81	0.00240325927734375	0.00468554768846314	1.594064416049676	305201
82	0.00240325927734375	0.004099854227405248	0.9221248728237216	269437
83	0.00240325927734375	0.0035873724489795924	0.5985635203069305	352601
84	0.00240325927734375	0.0035873724489795924	0.8680830868467233	293970
85	0.00240325927734375	0.00274658203125	0.5408150808620928	276149
86	0.00240325927734375	0.003138950892857143	0.5229092028783412	288740
87	0.00240325927734375	0.005354911643957874	0.7728116713358142	292861
88	0.00240325927734375	0.004099854227405248	0.8405378503185871	250292
89	0.00240325927734375	0.003138950892857143	1.0841121459421186	336882
90	0.00240325927734375	0.003138950892857143	0.8276662954036069	294192
91	0.00240325927734375	0.003138950892857143	0.635782759994945	281003
92	0.00240325927734375	0.004099854227405248	1.0462588384389908	283511
93	0.00240325927734375	0.00468554768846314	0.8668544042569684	272289
94	0.00240325927734375	0.004099854227405248	0.635782759994945	291707
95	0.00240325927734375	0.003138950892857143	0.6705883535104707	284332
96	0.00240325927734375	0.005354911643957874	0.9302043840071945	300510
97	0.00240325927734375	0.004099854227405248	1.0881674347297134	293290
98	0.00240325927734375	0.0035873724489795924	0.9642702367724898	245684
99	0.00240325927734375	0.00240325927734375	0.904560270421521	282690
100	0.00240325927734375	0.00468554768846314	1.3584461538255577	271128
101	0.00240325927734375	0.0035873724489795924	0.3185994521415336	268680
102	0.00240325927734375	0.0035873724489795924	0.46765791709578064	333928
103	0.00240325927734375	0.003138950892857143	1.0473104839981588	326396
104	0.00240325927734375	0.003138950892857143	0.5384231794997104	342854
105	0.00240325927734375	0.00274658203125	0.7161452938815767	289794
106	0.00240325927734375	0.005354911643957874	1.2692200102621745	347872
107	0.00240325927734375	0.003138950892857143	0.26129515566389994	330119
108	0.00240325927734375	0.005354911643957874	0.7509362647001303	288692
109	0.00240325927734375	0.003138950892857143	0.5960468963358099	292205
110	0.00240325927734375	0.005354911643957874	0.7323648309443788	297094
111	0.00240325927734375	0.0035873724489795924	0.9364088486339316	275838
112	0.00240325927734375	0.005354911643957874	1.0988202967112952	249768
113	0.00240325927734375	0.004099854227405248	0.6428849052002525	243667
114	0.00240325927734375	0.003138950892857143	0.5551845505692676	282173
115	0.00240325927734375	0.004099854227405248	0.8348890438474144	292164
116	0.00240325927734375	0.004099854227405248	1.0062890171145862	285251
117	0.00240325927734375	0.0035873724489795924	0.9579620269097688	337192
118	0.00240325927734375	0.006119899021666142	0.8991628336168439	287404
119	0.00240325927734375	0.0035873724489795924	0.4043216966243352	344972
120	0.00240325927734375	0.004099854227405248	1.2719402125029413	287172
121	0.00240325927734375	0.0035873724489795924	0.8802372613213384	273211
122	0.00240325927734375	0.00468554768846314	1.166565856202091	283697
123	0.00240325927734375	0.0035873724489795924	0.752599378414696	257097
124	0.00240325927734375	0.00468554768846314	0.5988624626688432	292119
