0	0.00240325927734375	0.00468554768846314	0.7017521242029752	317968
1	0.00240325927734375	0.006119899021666142	1.059014382226549	299030
2	0.00240325927734375	0.00468554768846314	0.9112184774578298	305774
3	0.00240325927734375	0.003138950892857143	0.7545799596922109	292793
4	0.00240325927734375	0.00468554768846314	0.5895170305537488	266211
5	0.00240325927734375	0.004099854227405248	0.8647333901634002	251496
6	0.00240325927734375	0.00468554768846314	0.7376143021932487	288358
7	0.00240325927734375	0.00468554768846314	0.6067701353765611	305145
8	0.00240325927734375	0.0035873724489795924	0.5953033681844802	346057
9	0.00240325927734375	0.00468554768846314	0.7684305123351599	327713
10	0.00240325927734375	0.00274658203125	0.7946188578547926	293887
11	0.00240325927734375	0.004099854227405248	0.6986454041652321	246939
12	0.00240325927734375	0.00274658203125	0.3820828136324923	286825
13	0.00240325927734375	0.003138950892857143	0.721152003996488	350746
14	0.00240325927734375	0.003138950892857143	1.0247428583193	352267
15	0.00240325927734375	0.005354911643957874	0.9505679470777693	325578
16	0.00240325927734375	0.0035873724489795924	0.5163548647066248	291294
17	0.00240325927734375	0.00274658203125	0.7940243502023173	254084
18	0.00240325927734375	0.0035873724489795924	0.36509256641028376	302056
19	0.00240325927734375	0.0035873724489795924	0.7375808684032052	271364
20	0.00240325927734375	0.003138950892857143	0.6162559286645557	287846
21	0.00240325927734375	0.0035873724489795924	1.099390228095662	302380
22	0.00240325927734375	0.00468554768846314	1.145476101228317	307647
23	0.00240325927734375	0.0035873724489795924	1.0530259152387866	309832
24	0.00240325927734375	0.005354911643957874	0.6922948885328926	346820
25	0.00240325927734375	0.00274658203125	0.5783102202625546	343078
26	0.00240325927734375	0.00468554768846314	0.7818964741513493	318667
27	0.00240325927734375	0.003138950892857143	0.9169879915783635	317833
28	0.00240325927734375	0.00468554768846314	0.6648552371156095	253989
29	0.00240325927734375	0.004099854227405248	0.8739194527286163	255363
30	0.00240325927734375	0.004099854227405248	0.8359610071210897	280626
31	0.00240325927734375	0.0035873724489795924	0.9713164827288442	300929
32	0.00240325927734375	0.004099854227405248	0.36879448250521546	309987
33	0.00240325927734375	0.004099854227405248	0.9136479524391735	266076
34	0.00240325927734375	0.0035873724489795924	0.9677540508854479	295209
35	0.00240325927734375	0.00274658203125	0.6128421852987456	310270
36	0.00240325927734375	0.003138950892857143	0.9087069037756641	299706
37	0.00240325927734375	0.00468554768846314	0.5895170305537488	262044
38	0.00240325927734375	0.00274658203125	0.9858650707900695	272339
39	0.00240325927734375	0.003138950892857143	0.789957055851141	262114
40	0.00240325927734375	0.003138950892857143	0.6576223988608134	262877
41	0.00240325927734375	0.00468554768846314	0.9970032364040657	290282
42	0.00240325927734375	0.0035873724489795924	0.4321472194956394	271006
43	0.00240325927734375	0.004099854227405248	0.8548226281369711	271760
44	0.00240325927734375	0.004099854227405248	0.641921615407157	306674
45	0.00240325927734375	0.004099854227405248	0.6769383500465617	303207
46	0.00240325927734375	0.0035873724489795924	0.8349274517797342	308473
47	0.00240325927734375	0.004099854227405248	0.7867934556643397	352787
48	0.00240325927734375	0.003138950892857143	0.8750162745602816	313791
49	0.00240325927734375	0.00468554768846314	0.6922948885328926	259443
50	0.00240325927734375	0.004099854227405248	0.6342688642426048	329772
51	0.00240325927734375	0.0035873724489795924	0.9586990923255814	262716
52	0.00240325927734375	0.004099854227405248	0.63369547406758	297264
53	0.00240325927734375	0.00274658203125	0.6667271658537326	294568
54	0.00240325927734375	0.004099854227405248	1.2066049932274296	348603
55	0.00240325927734375	0.004099854227405248	0.5486569155892225	283761
56	0.00240325927734375	0.00468554768846314	1.0358096865654276	266876
57	0.00240325927734375	0.004099854227405248	0.8078284550002209	315957
58	0.00240325927734375	0.0035873724489795924	0.7581055239461187	351699
59	0.00240325927734375	0.004099854227405248	1.005436073907828	349773
60	0.00240325927734375	0.00468554768846314	0.9805236870264747	254039
61	0.00240325927734375	0.0035873724489795924	0.5452426373289887	254256
62	0.00240325927734375	0.004099854227405248	0.7705832045208719	331840
63	0.00240325927734375	0.00274658203125	0.8763806479755227	291250
64	0.00240325927734375	0.004099854227405248	0.9651888395943837	299661
65	0.00240325927734375	0.00468554768846314	1.295462410007499	269737
66	0.00240325927734375	0.004099854227405248	0.7892524417489257	316289
67	0.00240325927734375	0.004099854227405248	0.7619859371767089	351015
68	0.00240325927734375	0.0035873724489795924	0.9490152365863209	272159
69	0.00240325927734375	0.00240325927734375	0.5452426373289887	346180
70	0.00240325927734375	0.0035873724489795924	1.3193799162781812	350309
71	0.00240325927734375	0.00468554768846314	0.500169331995343	324393
72	0.00240325927734375	0.004099854227405248	0.7208499950523766	314775
73	0.00240325927734375	0.004099854227405248	0.8997952647002623	299074
74	0.00240325927734375	0.0035873724489795924	0.6915548535926916	336807
75	0.00240325927734375	0.004099854227405248	0.6701918464982284	298780
76	0.00240325927734375	0.003138950892857143	0.805212017505129	242142
77	0.00240325927734375	0.004099854227405248	0.9833236622802918	313248
78	0.00240325927734375	0.005466472303206997	0.8386827194137613	296622
79	0.00240325927734375	0.00468554768846314	0.9214722717356447	305689
80	0.00240325927734375	0.0035873724489795924	0.3185994521415336	301670
81	0.00240325927734375	0.0035873724489795924	0.8735692983840863	342374
82	0.00240325927734375	0.00274658203125	0.9246059783311538	350243
83	0.00240325927734375	0.0035873724489795924	0.9472551805177766	304442
84	0.00240325927734375	0.00240325927734375	0.5499847848759808	347753
85	0.00240325927734375	0.003138950892857143	0.6868088797185117	303021
86	0.00240325927734375	0.003138950892857143	0.26942594390034946	304372
87	0.00240325927734375	0.0035873724489795924	0.7953018623005227	347717
88	0.00240325927734375	0.004099854227405248	0.6674234191451528	341643
89	0.00240325927734375	0.003138950892857143	0.44310970425036134	267948
90	0.00240325927734375	0.00468554768846314	0.8999337051380446	254923
91	0.00240325927734375	0.00468554768846314	0.8731736112609471	258574
92	0.00240325927734375	0.00274658203125	0.5874149872554738	302366
93	0.00240325927734375	0.004099854227405248	0.7556895872252416	307518
94	0.00240325927734375	0.0035873724489795924	0.7569849253360518	339700
95	0.00240325927734375	0.0035873724489795924	0.9582519574245381	350427
96	0.00240325927734375	0.003138950892857143	0.6675066333863985	316864
97	0.00240325927734375	0.004099854227405248	0.8421078891404415	333808
98	0.00240325927734375	0.003138950892857143	0.9209787701791013	297655
99	0.00240325927734375	0.005354911643957874	1.1055841259480013	303284
100	0.00240325927734375	0.003138950892857143	0.7932763730679226	295024
101	0.00240325927734375	0.005354911643957874	0.5486569155892225	348301
102	0.00240325927734375	0.00468554768846314	0.9855426322159875	251895
103	0.00240325927734375	0.0035873724489795924	0.8699353445379061	296185
104	0.00240325927734375	0.004099854227405248	1.085439226453012	310218
105	0.00240325927734375	0.00274658203125	0.506887047309832	250274
106	0.00240325927734375	0.004099854227405248	0.7828071744138969	305939
107	0.00240325927734375	0.0035873724489795924	1.0707664009812226	308473
108	0.00240325927734375	0.0035873724489795924	0.9345390344590487	298313
109	0.00240325927734375	0.0035873724489795924	1.1290170678659124	299562
110	0.00240325927734375	0.004099854227405248	0.9100440850410473	300843
111	0.00240325927734375	0.0035873724489795924	0.46105833933866197	265138
112	0.00240325927734375	0.00240325927734375	0.5315505787187041	308231
113	0.00240325927734375	0.0035873724489795924	1.1532482629432148	292511
114	0.00240325927734375	0.003138950892857143	0.6796361463493921	345153
115	0.00240325927734375	0.003138950892857143	0.6150695573229844	322432
116	0.00240325927734375	0.00468554768846314	1.0845267117890631	300740
117	0.00240325927734375	0.0035873724489795924	0.454480653946287	298381
118	0.00240325927734375	0.00468554768846314	0.6980097920181575	338510
119	0.00240325927734375	0.00468554768846314	0.8616758384294778	295021
120	0.00240325927734375	0.00240325927734375	0.7922658007081947	277288
121	0.00240325927734375	0.004099854227405248	0.4140351812241149	308328
122	0.00240325927734375	0.0035873724489795924	0.969469420670264	296432
123	0.00240325927734375	0.003138950892857143	0.5746670623715742	292859
124	0.00240325927734375	0.00468554768846314	0.9624252630183576	315330
