0	0.00240325927734375	0.00468554768846314	0.7763992546488784	356972
1	0.00240325927734375	0.00468554768846314	0.9303787370559462	338069
2	0.00240325927734375	0.00274658203125	0.3775687570714291	337807
3	0.00240325927734375	0.00468554768846314	0.7946687511603361	281802
4	0.00240325927734375	0.00274658203125	1.1016569688712703	254732
5	0.00240325927734375	0.00468554768846314	0.9710057633481345	329378
6	0.00240325927734375	0.003138950892857143	0.4894829601663889	298099
7	0.00240325927734375	0.00274658203125	0.4674725881231375	299613
8	0.00240325927734375	0.003138950892857143	1.0977119983031427	327161
9	0.00240325927734375	0.003138950892857143	0.6162559286645557	301410
10	0.00240325927734375	0.00274658203125	0.7699925478226405	318041
11	0.00240325927734375	0.0035873724489795924	0.6119781743442333	301921
12	0.00240325927734375	0.00240325927734375	0.3949968548992396	279645
13	0.00240325927734375	0.004099854227405248	0.8535713118027233	254423
14	0.00240325927734375	0.00468554768846314	0.8582661561069309	265148
15	0.00240325927734375	0.004099854227405248	0.9345085029620144	276699
16	0.00240325927734375	0.00274658203125	0.36879448250521546	311866
17	0.00240325927734375	0.00468554768846314	0.9193387822527832	291495
18	0.00240325927734375	0.0035873724489795924	0.7776390064560588	313825
19	0.00240325927734375	0.003138950892857143	0.9833380686862286	309047
20	0.00240325927734375	0.004185267857142856	0.7575653255000013	257091
21	0.00240325927734375	0.003138950892857143	0.26129515566389994	283628
22	0.00240325927734375	0.0035873724489795924	0.7561514582127083	304521
23	0.00240325927734375	0.00468554768846314	0.5367126567672513	348085
24	0.00240325927734375	0.0035873724489795924	0.6344324522427114	332489
25	0.00240325927734375	0.004099854227405248	0.641921615407157	343632
26	0.00240325927734375	0.004099854227405248	0.6587112844569967	300209
27	0.00240325927734375	0.0035873724489795924	0.9085540220461079	259815
28	0.00240325927734375	0.00274658203125	0.7875627101887046	356488
29	0.00240325927734375	0.005354911643957874	0.8301599635377048	313491
30	0.00240325927734375	0.0035873724489795924	0.9593215924762234	315343
31	0.00240325927734375	0.004099854227405248	0.9061039946162797	357566
32	0.00240325927734375	0.004099854227405248	1.0474334750718606	268773
33	0.00240325927734375	0.005354911643957874	0.6486059469237553	336071
34	0.00240325927734375	0.004099854227405248	0.7208623245648208	334868
35	0.00240325927734375	0.003138950892857143	0.7439918209191354	307395
36	0.00240325927734375	0.005354911643957874	0.978628817976084	268173
37	0.00240325927734375	0.0035873724489795924	0.36509256641028376	257635
38	0.00240325927734375	0.004099854227405248	0.6580706665746365	320999
39	0.00240325927734375	0.004099854227405248	0.7000351443569359	311284
40	0.00240325927734375	0.00468554768846314	0.9117481115215244	312340
41	0.00240325927734375	0.0035873724489795924	0.9166131830661454	302527
42	0.00240325927734375	0.00274658203125	0.6415565101277999	278957
43	0.00240325927734375	0.00240325927734375	0.904560270421521	344679
44	0.00240325927734375	0.00274658203125	0.22858055408794858	340850
45	0.00240325927734375	0.003138950892857143	0.8012728503929332	338816
46	0.00240325927734375	0.0035873724489795924	0.8996212109755588	340672
47	0.00240325927734375	0.00274658203125	0.586384985424073	348911
48	0.00240325927734375	0.0035873724489795924	0.6054858133992109	304433
49	0.00240325927734375	0.00274658203125	1.0704070459075559	304942
50	0.00240325927734375	0.00468554768846314	0.9433737622519656	303264
51	0.00240325927734375	0.00468554768846314	0.7561514582127083	322421
52	0.00240325927734375	0.00274658203125	0.4211648028270305	322558
53	0.00240325927734375	0.004099854227405248	0.8710438557887885	299607
54	0.00240325927734375	0.00240325927734375	0.7886630831228685	330527
55	0.00240325927734375	0.003138950892857143	0.5893387435099808	347757
56	0.00240325927734375	0.005466472303206997	0.954080264590002	352903
57	0.00240325927734375	0.003138950892857143	0.7254561775209746	307325
58	0.00240325927734375	0.003138950892857143	0.7851377794984339	301082
59	0.00240325927734375	0.00468554768846314	0.8614776149295835	296409
60	0.00240325927734375	0.003138950892857143	0.6212035864446026	319513
61	0.00240325927734375	0.00274658203125	0.5456471171493534	347722
62	0.00240325927734375	0.00274658203125	0.6277765032975824	331398
63	0.00240325927734375	0.003138950892857143	0.9101824359749338	319364
64	0.00240325927734375	0.004099854227405248	1.0589750431310012	317023
65	0.00240325927734375	0.004099854227405248	0.9541266711408373	343967
66	0.00240325927734375	0.00468554768846314	0.8668544042569684	266282
67	0.00240325927734375	0.00274658203125	0.3559877994173646	275673
68	0.00240325927734375	0.0035873724489795924	0.7706541293778734	342548
69	0.00240325927734375	0.0035873724489795924	1.1678607637766678	320551
70	0.00240325927734375	0.00468554768846314	0.9180465384190214	298380
71	0.00240325927734375	0.0035873724489795924	0.970449784757137	353757
72	0.00240325927734375	0.00274658203125	0.5886991353005039	346272
73	0.00240325927734375	0.00274658203125	0.7190876432853712	350017
74	0.00240325927734375	0.003138950892857143	0.5438975860571336	350638
75	0.00240325927734375	0.00468554768846314	1.099390228095662	344152
76	0.00240325927734375	0.00468554768846314	0.8742988426683123	333177
77	0.00240325927734375	0.00274658203125	0.7452368975880418	346271
78	0.00240325927734375	0.0035873724489795924	0.787414617018555	329923
79	0.00240325927734375	0.0035873724489795924	0.5263880966376048	267271
80	0.00240325927734375	0.0035873724489795924	0.8514804494779187	312806
81	0.00240325927734375	0.004099854227405248	1.0394147434080279	304620
82	0.00240325927734375	0.00468554768846314	0.8242734474935158	302365
83	0.00240325927734375	0.003138950892857143	0.6681781939583111	295364
84	0.00240325927734375	0.003138950892857143	0.5164409773359109	263537
85	0.00240325927734375	0.004099854227405248	0.8133922477802392	341762
86	0.00240325927734375	0.005354911643957874	1.1038463665311293	337336
87	0.00240325927734375	0.004099854227405248	0.5954285011384068	329987
88	0.00240325927734375	0.00240325927734375	0.554445230212033	325092
89	0.00240325927734375	0.005354911643957874	0.7684305123351599	308944
90	0.00240325927734375	0.004099854227405248	0.571780156306666	305491
91	0.00240325927734375	0.004099854227405248	0.9472551805177766	251459
92	0.00240325927734375	0.0035873724489795924	0.46105833933866197	294049
93	0.00240325927734375	0.003138950892857143	0.5081004792861414	328979
94	0.00240325927734375	0.0035873724489795924	0.7706541293778734	306577
95	0.00240325927734375	0.004099854227405248	0.5316671508538642	298988
96	0.00240325927734375	0.0035873724489795924	0.8290986118529269	304253
97	0.00240325927734375	0.004099854227405248	0.9690670560066608	271717
98	0.00240325927734375	0.005354911643957874	1.1126000594467813	287159
99	0.00240325927734375	0.0035873724489795924	0.8287796089847973	303804
100	0.00240325927734375	0.00468554768846314	1.1761041376728363	297769
101	0.00240325927734375	0.004099854227405248	0.8022180405199142	333492
102	0.00240325927734375	0.00274658203125	0.3820828136324923	301200
103	0.00240325927734375	0.00274658203125	0.6073575892486077	303564
104	0.00240325927734375	0.005354911643957874	0.8894793089447266	280594
105	0.00240325927734375	0.005354911643957874	0.9172138528765781	274049
106	0.00240325927734375	0.0035873724489795924	1.0894935521029283	296761
107	0.00240325927734375	0.005354911643957874	0.5846438992057731	328402
108	0.00240325927734375	0.00274658203125	0.7158486184615922	287985
109	0.00240325927734375	0.00240325927734375	0.9129844600871718	313740
110	0.00240325927734375	0.00240325927734375	0.3185994521415336	278189
111	0.00240325927734375	0.004099854227405248	1.0758634254238892	313645
112	0.00240325927734375	0.003138950892857143	0.7407973884472949	285465
113	0.00240325927734375	0.0035873724489795924	0.7161452938815767	320733
114	0.00240325927734375	0.0035873724489795924	1.1484054301736557	338325
115	0.00240325927734375	0.003138950892857143	1.0507270905912056	326960
116	0.00240325927734375	0.00274658203125	0.2207872834051713	323210
117	0.00240325927734375	0.00468554768846314	0.8611378127104434	314636
118	0.00240325927734375	0.003138950892857143	0.767390598694206	337207
119	0.00240325927734375	0.004099854227405248	1.3701725056115668	316713
120	0.00240325927734375	0.0035873724489795924	0.8943051597449563	315075
121	0.00240325927734375	0.003138950892857143	0.6212035864446026	283164
122	0.00240325927734375	0.0035873724489795924	0.26942594390034946	298255
123	0.00240325927734375	0.004099854227405248	0.32335263409066817	295601
124	0.00240325927734375	0.004099854227405248	0.5521229218175507	318916
