0	0.00240325927734375	0.0035873724489795924	0.26129515566389994	267277
1	0.00240325927734375	0.003138950892857143	0.8101426175003001	250020
2	0.00240325927734375	0.004099854227405248	0.6383876678838801	295370
3	0.00240325927734375	0.004099854227405248	0.8227089221012288	251681
4	0.00240325927734375	0.005354911643957874	0.7948602392183894	346905
5	0.00240325927734375	0.00468554768846314	1.0409084122282404	308743
6	0.00240325927734375	0.004099854227405248	0.78754854553412	274510
7	0.00240325927734375	0.003138950892857143	0.6745167800974325	295297
8	0.00240325927734375	0.0035873724489795924	0.46105833933866197	300892
9	0.00240325927734375	0.003138950892857143	0.8758893809481004	329347
10	0.00240325927734375	0.004099854227405248	0.9655140115106828	304588
11	0.00240325927734375	0.0035873724489795924	0.7953018623005227	308042
12	0.00240325927734375	0.0035873724489795924	0.9950779848369907	341030
13	0.00240325927734375	0.004099854227405248	0.7857251624205963	285937
14	0.00240325927734375	0.00240325927734375	0.4705143080389149	276174
15	0.00240325927734375	0.003138950892857143	0.8581573570493224	259383
16	0.00240325927734375	0.004099854227405248	0.5022648752979952	262524
17	0.00240325927734375	0.00468554768846314	0.5895170305537488	317494
18	0.00240325927734375	0.00274658203125	1.0125228336311252	275718
19	0.00240325927734375	0.00468554768846314	0.5895170305537488	258703
20	0.00240325927734375	0.003138950892857143	0.905184056327006	288491
21	0.00240325927734375	0.00468554768846314	0.7382924252352308	299929
22	0.00240325927734375	0.004099854227405248	0.8517829819693437	244654
23	0.00240325927734375	0.0035873724489795924	0.8647921694789836	271563
24	0.00240325927734375	0.00274658203125	0.5408150808620928	231134
25	0.00240325927734375	0.004099854227405248	0.8652396890456739	306846
26	0.00240325927734375	0.005354911643957874	0.7558239291136406	301383
27	0.00240325927734375	0.004099854227405248	0.9407899151644932	305120
28	0.00240325927734375	0.0035873724489795924	0.4358605586643549	282021
29	0.00240325927734375	0.005354911643957874	1.0055996424773332	293976
30	0.00240325927734375	0.004099854227405248	0.9231692392048019	225711
31	0.00240325927734375	0.00274658203125	0.3949968548992396	281801
32	0.00240325927734375	0.00274658203125	0.3193425374706503	250159
33	0.00240325927734375	0.003138950892857143	0.9984869797990774	346089
34	0.00240325927734375	0.0035873724489795924	0.8401036789863208	286258
35	0.00240325927734375	0.00468554768846314	0.7382924252352308	312644
36	0.00240325927734375	0.0035873724489795924	0.5551845505692676	282777
37	0.00240325927734375	0.005466472303206997	0.5746429876726563	258528
38	0.00240325927734375	0.00274658203125	0.7379796434311969	276535
39	0.00240325927734375	0.00274658203125	0.9048117706315918	228006
40	0.00240325927734375	0.004099854227405248	0.9630518577820364	277892
41	0.00240325927734375	0.003138950892857143	0.5213300879571756	290041
42	0.00240325927734375	0.0035873724489795924	0.9472551805177766	295736
43	0.00240325927734375	0.006119899021666142	1.204411219162358	287793
44	0.00240325927734375	0.005354911643957874	0.8029091751940359	302267
45	0.00240325927734375	0.0035873724489795924	0.5521229218175507	322499
46	0.00240325927734375	0.00468554768846314	0.8360206903215943	304160
47	0.00240325927734375	0.00468554768846314	0.9315671651287057	308743
48	0.00240325927734375	0.00274658203125	0.8720587652840096	258098
49	0.00240325927734375	0.003138950892857143	0.9468360116206577	346342
50	0.00240325927734375	0.00468554768846314	0.9054905746206932	230310
51	0.00240325927734375	0.004099854227405248	0.6328168484142378	302776
52	0.00240325927734375	0.003138950892857143	0.6251818169507557	256667
53	0.00240325927734375	0.004099854227405248	0.721152003996488	302121
54	0.00240325927734375	0.003138950892857143	0.6875862849499039	263208
55	0.00240325927734375	0.0035873724489795924	0.9317058734160226	309801
56	0.00240325927734375	0.005354911643957874	0.9265963181452732	260520
57	0.00240325927734375	0.00468554768846314	0.8990752832681312	343239
58	0.00240325927734375	0.00468554768846314	0.6745167800974325	289971
59	0.00240325927734375	0.0035873724489795924	0.7653188021227609	234711
60	0.00240325927734375	0.004099854227405248	0.27942865957240903	283656
61	0.00240325927734375	0.00274658203125	0.6474111252776009	242435
62	0.00240325927734375	0.003138950892857143	0.3280673200675872	305997
63	0.00240325927734375	0.0035873724489795924	1.0730165964211322	261776
64	0.00240325927734375	0.0035873724489795924	1.0984535984149042	310316
65	0.00240325927734375	0.0035873724489795924	0.4894829601663889	305011
66	0.00240325927734375	0.004099854227405248	0.6986454041652321	309461
67	0.00240325927734375	0.00468554768846314	1.0814371471188906	300723
68	0.00240325927734375	0.0035873724489795924	0.876096548565412	233944
69	0.00240325927734375	0.0035873724489795924	0.7465988367270189	300571
70	0.00240325927734375	0.004099854227405248	1.0114115000476191	293088
71	0.00240325927734375	0.006247396917950854	1.162598589141234	290699
72	0.00240325927734375	0.0035873724489795924	0.3775687570714291	264803
73	0.00240325927734375	0.003138950892857143	0.8318592386362634	319700
74	0.00240325927734375	0.0035873724489795924	0.9052344514758801	232926
75	0.00240325927734375	0.00274658203125	0.6859444391123852	301612
76	0.00240325927734375	0.005354911643957874	1.0673995248436006	239968
77	0.00240325927734375	0.003138950892857143	0.82322681526833	299814
78	0.00240325927734375	0.004099854227405248	0.5985635203069305	316704
79	0.00240325927734375	0.0035873724489795924	0.5081004792861414	268459
80	0.00240325927734375	0.0035873724489795924	1.0104538143774882	254838
81	0.00240325927734375	0.004099854227405248	0.7115802122581779	273298
82	0.00240325927734375	0.00468554768846314	0.8297158704907285	307012
83	0.00240325927734375	0.003138950892857143	0.9567750907215221	309211
84	0.00240325927734375	0.00240325927734375	0.6280179697604316	281393
85	0.00240325927734375	0.00274658203125	0.8939523705284	279317
86	0.00240325927734375	0.0035873724489795924	0.5053724480380157	341522
87	0.00240325927734375	0.003138950892857143	0.6209507729687634	276621
88	0.00240325927734375	0.004099854227405248	1.0078450044956928	305469
89	0.00240325927734375	0.00274658203125	0.7699925478226405	350476
90	0.00240325927734375	0.00274658203125	0.5499847848759808	308746
91	0.00240325927734375	0.0035873724489795924	0.6084305264741027	303112
92	0.00240325927734375	0.004099854227405248	0.6986454041652321	312721
93	0.00240325927734375	0.00274658203125	0.5242764158818288	273439
94	0.00240325927734375	0.003138950892857143	0.4711263834307338	246543
95	0.00240325927734375	0.00274658203125	0.454480653946287	246490
96	0.00240325927734375	0.004099854227405248	0.9748641262785795	337260
97	0.00240325927734375	0.005354911643957874	1.0283120739176332	302920
98	0.00240325927734375	0.00240325927734375	0.6999178204163299	340253
99	0.00240325927734375	0.004099854227405248	1.0134254310609594	296652
100	0.00240325927734375	0.004099854227405248	0.7288313822741609	267894
101	0.00240325927734375	0.0035873724489795924	0.8106784111229656	310067
102	0.00240325927734375	0.0035873724489795924	1.0474334750718606	267700
103	0.00240325927734375	0.003138950892857143	0.5372114771828889	273793
104	0.00240325927734375	0.004099854227405248	0.9215064776263187	308500
105	0.00240325927734375	0.00274658203125	0.7716214731278488	312252
106	0.00240325927734375	0.003138950892857143	0.8111024165790848	319463
107	0.00240325927734375	0.00274658203125	0.4726765573913526	245093
108	0.00240325927734375	0.003138950892857143	0.4711263834307338	223823
109	0.00240325927734375	0.004099854227405248	0.8717824607475008	308001
110	0.00240325927734375	0.004099854227405248	1.1279178319349026	262418
111	0.00240325927734375	0.006119899021666142	0.9658666227688893	292123
112	0.00240325927734375	0.00274658203125	0.4211648028270305	269268
113	0.00240325927734375	0.00274658203125	0.3559877994173646	342834
114	0.00240325927734375	0.00274658203125	0.22858055408794858	325614
115	0.00240325927734375	0.00468554768846314	0.9863738398215878	335441
116	0.00240325927734375	0.00274658203125	0.4674725881231375	290350
117	0.00240325927734375	0.004099854227405248	1.0022985825624038	338997
118	0.00240325927734375	0.005354911643957874	0.7574972202614769	280762
119	0.00240325927734375	0.003138950892857143	0.6311987620344006	348746
120	0.00240325927734375	0.003138950892857143	0.8086369388465134	270140
121	0.00240325927734375	0.0035873724489795924	0.6926809265985516	271605
122	0.00240325927734375	0.00468554768846314	0.7720180866333154	226039
123	0.00240325927734375	0.004099854227405248	1.2163999975233455	297146
124	0.00240325927734375	0.0035873724489795924	0.9709803642708478	278789
