0	0.00240325927734375	0.00468554768846314	0.9172138528765781	329435
1	0.00240325927734375	0.004099854227405248	0.3702963559559602	293974
2	0.00240325927734375	0.00274658203125	0.5463221147242449	249629
3	0.00240325927734375	0.003138950892857143	0.7586123397915441	317495
4	0.00240325927734375	0.00468554768846314	1.0399022672724225	277882
5	0.00240325927734375	0.00274658203125	0.762157968892608	302710
6	0.00240325927734375	0.003138950892857143	0.9116509410830513	258581
7	0.00240325927734375	0.006247396917950854	0.991435198227547	367772
8	0.00240325927734375	0.004099854227405248	0.7671398196578567	322193
9	0.00240325927734375	0.0035873724489795924	1.0606344052683547	308997
10	0.00240325927734375	0.0035873724489795924	0.712778900799903	312697
11	0.00240325927734375	0.00468554768846314	0.8742988426683123	348652
12	0.00240325927734375	0.0035873724489795924	0.8018694085001372	328970
13	0.00240325927734375	0.004099854227405248	0.7439918209191354	334825
14	0.00240325927734375	0.004099854227405248	0.9382931158531802	335844
15	0.00240325927734375	0.004099854227405248	1.027663068558194	323029
16	0.00240325927734375	0.006119899021666142	1.105644192880831	269172
17	0.00240325927734375	0.003138950892857143	0.5051155787649115	309631
18	0.00240325927734375	0.004099854227405248	0.958827453186198	306228
19	0.00240325927734375	0.004099854227405248	1.0472132427869532	328172
20	0.00240325927734375	0.005354911643957874	0.9464079389649209	331463
21	0.00240325927734375	0.00468554768846314	0.9138783495408522	245177
22	0.00240325927734375	0.00274658203125	0.6482976636120993	358411
23	0.00240325927734375	0.006247396917950854	0.8287190473560038	305336
24	0.00240325927734375	0.004099854227405248	0.7176602883672526	308538
25	0.00240325927734375	0.0035873724489795924	0.554445230212033	348904
26	0.00240325927734375	0.00274658203125	0.5915803652642293	311722
27	0.00240325927734375	0.0035873724489795924	0.47459189989497363	303958
28	0.00240325927734375	0.00274658203125	0.5263880966376048	303769
29	0.00240325927734375	0.004099854227405248	0.6577499012547644	311364
30	0.00240325927734375	0.005354911643957874	0.9522999433623124	285628
31	0.00240325927734375	0.0035873724489795924	0.4146291755846023	307157
32	0.00240325927734375	0.00274658203125	0.7389847210886193	329717
33	0.00240325927734375	0.00468554768846314	1.1483398509355107	311162
34	0.00240325927734375	0.003138950892857143	0.6724052979937339	311589
35	0.00240325927734375	0.00468554768846314	0.9641453894666738	358169
36	0.00240325927734375	0.004099854227405248	0.7022014087356845	342748
37	0.00240325927734375	0.0035873724489795924	1.075337020807381	314283
38	0.00240325927734375	0.003138950892857143	0.7314541204626409	364369
39	0.00240325927734375	0.0035873724489795924	0.9575514121063624	341322
40	0.00240325927734375	0.0035873724489795924	0.7060392875955529	315114
41	0.00240325927734375	0.00468554768846314	1.0485957382815099	355145
42	0.00240325927734375	0.004099854227405248	0.4986239590348064	298666
43	0.00240325927734375	0.004099854227405248	0.8539314650410346	365360
44	0.00240325927734375	0.005354911643957874	1.0596436357244972	310318
45	0.00240325927734375	0.004099854227405248	0.5960468963358099	360182
46	0.00240325927734375	0.0035873724489795924	0.27942865957240903	355379
47	0.00240325927734375	0.003138950892857143	0.8012728503929332	360614
48	0.00240325927734375	0.004099854227405248	0.9100092015701224	362211
49	0.00240325927734375	0.0035873724489795924	0.7444844515535107	349837
50	0.00240325927734375	0.005354911643957874	1.0196707562658325	364137
51	0.00240325927734375	0.00468554768846314	1.0445352384404085	343579
52	0.00240325927734375	0.00468554768846314	0.8044059992625554	291129
53	0.00240325927734375	0.00468554768846314	0.9594863673982446	352971
54	0.00240325927734375	0.003138950892857143	0.8086369388465134	325603
55	0.00240325927734375	0.0035873724489795924	0.8660763711537489	365940
56	0.00240325927734375	0.00274658203125	0.7582251959835512	348983
57	0.00240325927734375	0.005354911643957874	1.1845556752282183	307860
58	0.00240325927734375	0.004099854227405248	1.012432602476757	307208
59	0.00240325927734375	0.00274658203125	0.5408150808620928	345292
60	0.00240325927734375	0.00468554768846314	0.8607458901041045	321638
61	0.00240325927734375	0.00274658203125	0.7382924252352308	343032
62	0.00240325927734375	0.004099854227405248	0.6128421852987456	326758
63	0.00240325927734375	0.005354911643957874	0.9132411225212023	353724
64	0.00240325927734375	0.003138950892857143	0.5277457326021664	327237
65	0.00240325927734375	0.003138950892857143	0.902727207843654	341615
66	0.00240325927734375	0.0035873724489795924	0.882058982189102	360371
67	0.00240325927734375	0.003138950892857143	0.4596471859326845	343121
68	0.00240325927734375	0.003138950892857143	0.8987263043228481	312036
69	0.00240325927734375	0.006119899021666142	0.9403724733656578	314823
70	0.00240325927734375	0.00468554768846314	0.8148327828200399	327213
71	0.00240325927734375	0.00274658203125	0.8401036789863208	306385
72	0.00240325927734375	0.004099854227405248	0.5898933704546431	349893
73	0.00240325927734375	0.0035873724489795924	1.011950277416587	321345
74	0.00240325927734375	0.003138950892857143	0.6131253707783104	343341
75	0.00240325927734375	0.004099854227405248	0.9997176880608332	326461
76	0.00240325927734375	0.003138950892857143	0.8412784177108972	348349
77	0.00240325927734375	0.004099854227405248	0.6243474063934804	356430
78	0.00240325927734375	0.0035873724489795924	0.8155496587366927	284858
79	0.00240325927734375	0.003138950892857143	0.8111024165790848	368676
80	0.00240325927734375	0.0035873724489795924	0.8425187001409278	311899
81	0.00240325927734375	0.004099854227405248	0.27942865957240903	311394
82	0.00240325927734375	0.004099854227405248	0.46305187616615934	311059
83	0.00240325927734375	0.00468554768846314	0.7942134106570087	348306
84	0.00240325927734375	0.003138950892857143	0.5309027769921314	348063
85	0.00240325927734375	0.00468554768846314	0.6463112831801456	345560
86	0.00240325927734375	0.006119899021666142	0.5592582483653494	367019
87	0.00240325927734375	0.00240325927734375	0.9145120640451966	336630
88	0.00240325927734375	0.0035873724489795924	0.6655181007983487	365568
89	0.00240325927734375	0.0035873724489795924	1.0713714181715517	315229
90	0.00240325927734375	0.003138950892857143	0.7071598277099005	355523
91	0.00240325927734375	0.0035873724489795924	1.1902185459837409	353163
92	0.00240325927734375	0.004099854227405248	0.9025419497763941	320236
93	0.00240325927734375	0.003138950892857143	0.26942594390034946	323198
94	0.00240325927734375	0.003138950892857143	0.8064057394022315	339409
95	0.00240325927734375	0.004099854227405248	0.8275027074035005	332781
96	0.00240325927734375	0.0035873724489795924	0.4115028919152935	336501
97	0.00240325927734375	0.00274658203125	0.5452426373289887	323363
98	0.00240325927734375	0.005354911643957874	1.0472948244095683	336679
99	0.00240325927734375	0.0035873724489795924	0.8427230443719522	340234
100	0.00240325927734375	0.0035873724489795924	0.8427144460378673	332826
101	0.00240325927734375	0.00468554768846314	0.9203463513318226	343492
102	0.00240325927734375	0.003138950892857143	0.7679079850347026	334766
103	0.00240325927734375	0.004099854227405248	0.9403824841077493	356757
104	0.00240325927734375	0.0035873724489795924	0.7867934556643397	325865
105	0.00240325927734375	0.003138950892857143	0.5316671508538642	354202
106	0.00240325927734375	0.00274658203125	0.5700139698686549	334601
107	0.00240325927734375	0.003138950892857143	0.7551771313211623	230099
108	0.00240325927734375	0.00468554768846314	0.8404018583371573	329026
109	0.00240325927734375	0.003138950892857143	0.7266480227557699	317162
110	0.00240325927734375	0.00468554768846314	0.6540487212580788	357379
111	0.00240325927734375	0.00240325927734375	0.9709957658630561	336591
112	0.00240325927734375	0.003138950892857143	0.779176448791454	339158
113	0.00240325927734375	0.005466472303206997	0.7800413432465235	364791
114	0.00240325927734375	0.00274658203125	0.8807145110946748	292801
115	0.00240325927734375	0.004099854227405248	1.127947384988049	344722
116	0.00240325927734375	0.005354911643957874	0.6451327292467813	299110
117	0.00240325927734375	0.00468554768846314	0.6750602575000808	299977
118	0.00240325927734375	0.004099854227405248	0.920741922547555	300685
119	0.00240325927734375	0.0035873724489795924	0.6119781743442333	340157
120	0.00240325927734375	0.0035873724489795924	0.922736137570598	340333
121	0.00240325927734375	0.0035873724489795924	1.0010664986726037	302952
122	0.00240325927734375	0.0035873724489795924	0.22858055408794858	303311
123	0.00240325927734375	0.00240325927734375	1.0228439462868901	363455
124	0.00240325927734375	0.004099854227405248	0.8301599635377048	316454
