0	0.00240325927734375	0.0035873724489795924	0.6917005867439925	276410
1	0.00240325927734375	0.0035873724489795924	0.7937356001625933	237269
2	0.00240325927734375	0.003138950892857143	1.0713714181715517	236674
3	0.00240325927734375	0.00274658203125	0.9626076522282714	250237
4	0.00240325927734375	0.004099854227405248	0.714378554575787	253024
5	0.00240325927734375	0.003138950892857143	0.7953018623005227	236861
6	0.00240325927734375	0.004099854227405248	0.6067701353765611	239542
7	0.00240325927734375	0.005354911643957874	0.9596833814559684	279755
8	0.00240325927734375	0.00274658203125	0.7679079850347026	271470
9	0.00240325927734375	0.004099854227405248	0.5738630213636511	255590
10	0.00240325927734375	0.0035873724489795924	0.7248668783847602	259798
11	0.00240325927734375	0.00274658203125	0.4705143080389149	274909
12	0.00240325927734375	0.004099854227405248	0.6067701353765611	279434
13	0.00240325927734375	0.003138950892857143	0.4858296718783282	283992
14	0.00240325927734375	0.004099854227405248	0.6344324522427114	262141
15	0.00240325927734375	0.003138950892857143	1.0649814180207515	314017
16	0.00240325927734375	0.0035873724489795924	1.0724735867565043	269975
17	0.00240325927734375	0.004099854227405248	0.8624304720666799	243285
18	0.00240325927734375	0.00468554768846314	0.8287190473560038	306234
19	0.00240325927734375	0.00468554768846314	0.9845505425628928	322498
20	0.00240325927734375	0.0035873724489795924	0.7964213510783894	247798
21	0.00240325927734375	0.004099854227405248	1.0482095131307405	319680
22	0.00240325927734375	0.00468554768846314	0.8603156862729713	288799
23	0.00240325927734375	0.00468554768846314	0.9475106637735025	262763
24	0.00240325927734375	0.0035873724489795924	1.0143867639956357	298399
25	0.00240325927734375	0.003138950892857143	0.78754854553412	306452
26	0.00240325927734375	0.003138950892857143	0.7194973450158514	301473
27	0.00240325927734375	0.0035873724489795924	1.0014971207723649	262669
28	0.00240325927734375	0.003138950892857143	0.7958747899048175	280669
29	0.00240325927734375	0.003138950892857143	1.1644496713515082	281258
30	0.00240325927734375	0.004099854227405248	0.7998423381753974	283201
31	0.00240325927734375	0.0035873724489795924	1.0035668279294272	240880
32	0.00240325927734375	0.00274658203125	0.6183400059172167	293722
33	0.00240325927734375	0.00468554768846314	0.9975518091202666	299575
34	0.00240325927734375	0.003138950892857143	0.9305126402893249	291947
35	0.00240325927734375	0.004099854227405248	0.9419066740234093	289062
36	0.00240325927734375	0.0035873724489795924	0.8078284550002209	297683
37	0.00240325927734375	0.00468554768846314	0.927437299397933	245552
38	0.00240325927734375	0.00468554768846314	1.0795823086780822	306259
39	0.00240325927734375	0.005354911643957874	0.9741283585254537	308381
40	0.00240325927734375	0.00240325927734375	0.6212035864446026	256927
41	0.00240325927734375	0.00468554768846314	0.7850955772710624	278968
42	0.00240325927734375	0.004185267857142856	0.5746429876726563	291951
43	0.00240325927734375	0.005354911643957874	0.7724691468982505	299923
44	0.00240325927734375	0.00468554768846314	0.6908642302209882	288461
45	0.00240325927734375	0.003138950892857143	0.4216151515430648	329765
46	0.00240325927734375	0.003138950892857143	0.6675066333863985	252789
47	0.00240325927734375	0.0035873724489795924	0.6999178204163299	243792
48	0.00240325927734375	0.0035873724489795924	1.0612933075960307	296787
49	0.00240325927734375	0.003138950892857143	1.0777576101455013	338890
50	0.00240325927734375	0.003138950892857143	0.89402023812946	243513
51	0.00240325927734375	0.004099854227405248	0.5486569155892225	301733
52	0.00240325927734375	0.00274658203125	0.4798413711438436	287167
53	0.00240325927734375	0.00468554768846314	1.0553017706952876	281753
54	0.00240325927734375	0.0035873724489795924	0.6675870071452594	284990
55	0.00240325927734375	0.0035873724489795924	0.8471968183051826	297051
56	0.00240325927734375	0.00468554768846314	0.5895170305537488	286104
57	0.00240325927734375	0.00468554768846314	1.0765387789513725	251277
58	0.00240325927734375	0.005354911643957874	0.9917048518741897	227899
59	0.00240325927734375	0.004099854227405248	0.5753307114514359	297116
60	0.00240325927734375	0.005354911643957874	0.5486569155892225	305218
61	0.00240325927734375	0.004099854227405248	0.7382924252352308	247343
62	0.00240325927734375	0.004099854227405248	0.626593298130014	276972
63	0.00240325927734375	0.004099854227405248	1.0557492635937928	290043
64	0.00240325927734375	0.00468554768846314	0.7763992546488784	331906
65	0.00240325927734375	0.004099854227405248	0.773391103303477	330211
66	0.00240325927734375	0.004099854227405248	0.9490152365863209	306065
67	0.00240325927734375	0.003138950892857143	0.8838212069544861	317078
68	0.00240325927734375	0.0035873724489795924	1.1156940834397209	238026
69	0.00240325927734375	0.006119899021666142	0.9449788227790046	225034
70	0.00240325927734375	0.0035873724489795924	1.2026372813534831	243069
71	0.00240325927734375	0.004099854227405248	0.9372753161150067	305692
72	0.00240325927734375	0.003138950892857143	0.9318987375192214	268214
73	0.00240325927734375	0.0035873724489795924	0.5438975860571336	283175
74	0.00240325927734375	0.0035873724489795924	1.1907743002736257	289610
75	0.00240325927734375	0.00274658203125	0.5316671508538642	248289
76	0.00240325927734375	0.0035873724489795924	0.9935785258639437	299850
77	0.00240325927734375	0.003138950892857143	0.554445230212033	306349
78	0.00240325927734375	0.003138950892857143	0.78754854553412	303446
79	0.00240325927734375	0.00274658203125	0.5022648752979952	274448
80	0.00240325927734375	0.0035873724489795924	0.8671612380315802	238324
81	0.00240325927734375	0.0035873724489795924	0.5517168203325604	250346
82	0.00240325927734375	0.00274658203125	0.5842435290330148	294323
83	0.00240325927734375	0.003138950892857143	1.0267934806760208	291444
84	0.00240325927734375	0.005354911643957874	0.8715630078399568	232029
85	0.00240325927734375	0.005354911643957874	0.7484306679118492	289773
86	0.00240325927734375	0.00468554768846314	0.8589103659386872	339288
87	0.00240325927734375	0.003138950892857143	0.9567121953858699	288307
88	0.00240325927734375	0.00274658203125	0.4216151515430648	330118
89	0.00240325927734375	0.0035873724489795924	0.8802372613213384	338390
90	0.00240325927734375	0.003138950892857143	0.29411855649072083	346150
91	0.00240325927734375	0.00274658203125	0.9090251724920422	278318
92	0.00240325927734375	0.0035873724489795924	0.8763806479755227	297972
93	0.00240325927734375	0.00468554768846314	0.9996077637782715	224281
94	0.00240325927734375	0.0035873724489795924	0.7352289912611724	291390
95	0.00240325927734375	0.00274658203125	0.36509256641028376	289198
96	0.00240325927734375	0.0035873724489795924	1.1582405728067247	334277
97	0.00240325927734375	0.004099854227405248	0.8517829819693437	344944
98	0.00240325927734375	0.00468554768846314	1.2821276529949146	281952
99	0.00240325927734375	0.00274658203125	0.4146291755846023	282264
100	0.00240325927734375	0.003138950892857143	0.5656172268516562	322614
101	0.00240325927734375	0.004099854227405248	0.4596471859326845	311910
102	0.00240325927734375	0.0035873724489795924	0.9699045945178569	273940
103	0.00240325927734375	0.004099854227405248	0.3966839071762177	269832
104	0.00240325927734375	0.003138950892857143	0.46305187616615934	290537
105	0.00240325927734375	0.003138950892857143	0.613645161613009	218743
106	0.00240325927734375	0.006119899021666142	0.9455774586323304	281478
107	0.00240325927734375	0.004099854227405248	1.0624767480052135	298770
108	0.00240325927734375	0.004099854227405248	0.7219884254586373	303678
109	0.00240325927734375	0.0035873724489795924	0.7129418612075873	296627
110	0.00240325927734375	0.005354911643957874	0.573962807042313	294662
111	0.00240325927734375	0.005354911643957874	0.7910998227613809	304775
112	0.00240325927734375	0.0035873724489795924	0.9836626628613606	288694
113	0.00240325927734375	0.00468554768846314	0.7700448935310278	309392
114	0.00240325927734375	0.003138950892857143	0.7042005060155706	276418
115	0.00240325927734375	0.004185267857142856	0.886622392878744	333378
116	0.00240325927734375	0.0035873724489795924	0.7444844515535107	314269
117	0.00240325927734375	0.004099854227405248	0.7189723453766866	278672
118	0.00240325927734375	0.005354911643957874	1.0624201461280596	220581
119	0.00240325927734375	0.004099854227405248	1.0103975565741274	286352
120	0.00240325927734375	0.00468554768846314	0.9673873130009962	266636
121	0.00240325927734375	0.003138950892857143	0.5035931623022096	316073
122	0.00240325927734375	0.00468554768846314	1.0641956550288667	281783
123	0.00240325927734375	0.006119899021666142	0.6472940801278626	331041
124	0.00240325927734375	0.00468554768846314	0.5363619951580719	332693
