0	0.00240325927734375	0.004099854227405248	0.4358605586643549	276054
1	0.00240325927734375	0.005354911643957874	0.9737484416193724	271398
2	0.00240325927734375	0.00274658203125	0.5499847848759808	266305
3	0.00240325927734375	0.0035873724489795924	0.977980158420021	236844
4	0.00240325927734375	0.004099854227405248	0.5081004792861414	237178
5	0.00240325927734375	0.0035873724489795924	1.075380875605047	234121
6	0.00240325927734375	0.003138950892857143	0.9136479524391736	258673
7	0.00240325927734375	0.00468554768846314	0.7828071744138969	272222
8	0.00240325927734375	0.0035873724489795924	0.9801411529881222	235605
9	0.00240325927734375	0.00468554768846314	0.8998535104013241	237451
10	0.00240325927734375	0.00468554768846314	0.9054905746206932	233636
11	0.00240325927734375	0.003138950892857143	0.6084305264741027	258902
12	0.00240325927734375	0.003138950892857143	0.5309027769921314	254032
13	0.00240325927734375	0.00240325927734375	0.5902502818053489	235655
14	0.00240325927734375	0.005354911643957874	1.2133818494284003	272633
15	0.00240325927734375	0.00240325927734375	0.5650910707720596	233385
16	0.00240325927734375	0.003138950892857143	0.7133052730084898	287986
17	0.00240325927734375	0.003138950892857143	0.707570552947323	305618
18	0.00240325927734375	0.00468554768846314	0.8359699722229841	264373
19	0.00240325927734375	0.00240325927734375	0.9517176683098314	269719
20	0.00240325927734375	0.003138950892857143	0.6429197020950927	309289
21	0.00240325927734375	0.006119899021666142	1.2080633856513159	269879
22	0.00240325927734375	0.00274658203125	0.5105102843732272	349947
23	0.00240325927734375	0.004185267857142856	0.5746429876726563	345148
24	0.00240325927734375	0.0035873724489795924	0.8100441126447798	295983
25	0.00240325927734375	0.005354911643957874	0.8692264491967276	306902
26	0.00240325927734375	0.003138950892857143	0.7653188021227609	313279
27	0.00240325927734375	0.0035873724489795924	0.7516166966317038	303900
28	0.00240325927734375	0.00274658203125	0.9376543639475531	305541
29	0.00240325927734375	0.004099854227405248	1.0014857572683673	304407
30	0.00240325927734375	0.00274658203125	0.38288381031244606	311408
31	0.00240325927734375	0.004099854227405248	0.7102416530542501	292734
32	0.00240325927734375	0.004099854227405248	0.37199129458584634	275742
33	0.00240325927734375	0.00468554768846314	0.8586827731399579	293040
34	0.00240325927734375	0.004099854227405248	0.7830521981101183	267150
35	0.00240325927734375	0.0035873724489795924	0.4358605586643549	262559
36	0.00240325927734375	0.004099854227405248	0.9604816497699789	298935
37	0.00240325927734375	0.00468554768846314	0.9115209427007629	338771
38	0.00240325927734375	0.004099854227405248	0.7558239291136406	310586
39	0.00240325927734375	0.004099854227405248	0.6342688642426048	286108
40	0.00240325927734375	0.003138950892857143	1.0928463197729703	252753
41	0.00240325927734375	0.003138950892857143	0.6963537400914321	270624
42	0.00240325927734375	0.0035873724489795924	0.5567469950094024	285675
43	0.00240325927734375	0.003138950892857143	1.2069640375789024	315406
44	0.00240325927734375	0.00274658203125	0.6125409717037203	319314
45	0.00240325927734375	0.00274658203125	0.7699925478226405	304358
46	0.00240325927734375	0.00468554768846314	0.9741749397191466	319242
47	0.00240325927734375	0.00468554768846314	1.1595190631692114	336443
48	0.00240325927734375	0.003138950892857143	0.5316671508538642	270190
49	0.00240325927734375	0.003138950892857143	0.7260488631284274	290087
50	0.00240325927734375	0.004099854227405248	0.9922118533726411	223349
51	0.00240325927734375	0.004099854227405248	0.8804713199068049	250357
52	0.00240325927734375	0.003138950892857143	0.6915548535926916	298424
53	0.00240325927734375	0.004099854227405248	0.9322496320358722	343718
54	0.00240325927734375	0.00274658203125	0.9090251724920422	311648
55	0.00240325927734375	0.003138950892857143	0.26129515566389994	322707
56	0.00240325927734375	0.0035873724489795924	1.0181131761370392	315235
57	0.00240325927734375	0.00274658203125	0.4648618210715908	317553
58	0.00240325927734375	0.00274658203125	1.07238838506953	311082
59	0.00240325927734375	0.005354911643957874	0.9037838868511199	255703
60	0.00240325927734375	0.003138950892857143	0.6212035864446026	307986
61	0.00240325927734375	0.00274658203125	1.1336351975859877	230922
62	0.00240325927734375	0.00468554768846314	0.9409585564317795	343284
63	0.00240325927734375	0.00468554768846314	0.8603156862729713	267008
64	0.00240325927734375	0.00274658203125	1.0051448145318151	272263
65	0.00240325927734375	0.003138950892857143	0.5277457326021664	302026
66	0.00240325927734375	0.005466472303206997	0.7236311906561369	293959
67	0.00240325927734375	0.005354911643957874	0.6486059469237553	335284
68	0.00240325927734375	0.003138950892857143	0.6963537400914321	311167
69	0.00240325927734375	0.005354911643957874	0.9812411593778849	342535
70	0.00240325927734375	0.0035873724489795924	0.654777075877634	360502
71	0.00240325927734375	0.00240325927734375	0.8673647994372641	353413
72	0.00240325927734375	0.005466472303206997	0.9820347809499199	292588
73	0.00240325927734375	0.0035873724489795924	0.9161586214313273	285581
74	0.00240325927734375	0.004099854227405248	1.1538189493390725	355188
75	0.00240325927734375	0.005354911643957874	1.0400881566516724	263442
76	0.00240325927734375	0.003138950892857143	0.8130371779342995	256868
77	0.00240325927734375	0.00274658203125	0.7071598277099005	297467
78	0.00240325927734375	0.004099854227405248	0.7930779345010727	268592
79	0.00240325927734375	0.00468554768846314	0.9778859614403497	307490
80	0.00240325927734375	0.003138950892857143	0.720740839852452	268241
81	0.00240325927734375	0.004099854227405248	1.283652051052756	312295
82	0.00240325927734375	0.00468554768846314	0.5893387435099808	281642
83	0.00240325927734375	0.004099854227405248	0.7176602883672526	307725
84	0.00240325927734375	0.00274658203125	0.4674725881231375	276031
85	0.00240325927734375	0.0035873724489795924	1.1300121455816161	286915
86	0.00240325927734375	0.0035873724489795924	0.9493612477115483	307840
87	0.00240325927734375	0.0035873724489795924	0.6233057228667523	318464
88	0.00240325927734375	0.00468554768846314	1.0077784898576938	303824
89	0.00240325927734375	0.003138950892857143	0.8130371779342995	306975
90	0.00240325927734375	0.006119899021666142	0.7561241212438912	301561
91	0.00240325927734375	0.004099854227405248	0.8086974034760315	299659
92	0.00240325927734375	0.0035873724489795924	0.8929150890219418	305049
93	0.00240325927734375	0.0035873724489795924	0.8288332202098081	307115
94	0.00240325927734375	0.00240325927734375	0.6212035864446026	313469
95	0.00240325927734375	0.004099854227405248	0.6731022321791613	352804
96	0.00240325927734375	0.003138950892857143	0.7793641362906312	312650
97	0.00240325927734375	0.0035873724489795924	0.9403824841077493	263494
98	0.00240325927734375	0.0047831632653061226	0.7094622104816076	256935
99	0.00240325927734375	0.005354911643957874	1.0796646467042872	339761
100	0.00240325927734375	0.003138950892857143	0.7839682388186606	293722
101	0.00240325927734375	0.004099854227405248	0.6328168484142378	309506
102	0.00240325927734375	0.006119899021666142	0.6486059469237553	294689
103	0.00240325927734375	0.003138950892857143	0.78754854553412	291273
104	0.00240325927734375	0.0035873724489795924	0.5700139698686549	295542
105	0.00240325927734375	0.003138950892857143	0.5683264767752773	292114
106	0.00240325927734375	0.005354911643957874	0.9706356694585311	304543
107	0.00240325927734375	0.0035873724489795924	0.8895111045200761	290637
108	0.00240325927734375	0.003138950892857143	0.7586123397915441	302199
109	0.00240325927734375	0.0035873724489795924	0.8165361555565264	315051
110	0.00240325927734375	0.003138950892857143	0.6834512404795346	257250
111	0.00240325927734375	0.00274658203125	0.876096548565412	222861
112	0.00240325927734375	0.0035873724489795924	0.9261772854154553	309708
113	0.00240325927734375	0.00274658203125	0.5456471171493534	343280
114	0.00240325927734375	0.00274658203125	0.3559877994173646	314061
115	0.00240325927734375	0.003138950892857143	0.7143660099207767	297765
116	0.00240325927734375	0.00274658203125	0.642354681631917	301721
117	0.00240325927734375	0.00240325927734375	0.9735592132303312	292262
118	0.00240325927734375	0.0035873724489795924	0.8499423510088602	298558
119	0.00240325927734375	0.0035873724489795924	0.7375808684032054	264578
120	0.00240325927734375	0.00240325927734375	0.9500203067537212	277890
121	0.00240325927734375	0.005354911643957874	0.8614776149295835	304018
122	0.00240325927734375	0.003138950892857143	0.7839682388186606	271193
123	0.00240325927734375	0.004099854227405248	0.8100441126447798	256977
124	0.00240325927734375	0.00468554768846314	1.1758093938614749	251056
