0	0.00240325927734375	0.003138950892857143	0.7551771313211623	259965
1	0.00240325927734375	0.003138950892857143	0.7000351443569359	254201
2	0.00240325927734375	0.00274658203125	0.9935012827562328	259469
3	0.00240325927734375	0.004099854227405248	0.5846438992057731	429978
4	0.00240325927734375	0.004099854227405248	0.5846438992057731	315906
5	0.00240325927734375	0.003138950892857143	0.47989498236885453	293532
6	0.00240325927734375	0.00468554768846314	0.9892814036964505	1072828
7	0.00240325927734375	0.004099854227405248	0.41150289191529354	285631
8	0.00240325927734375	0.0035873724489795924	1.273303568584118	382141
9	0.00240325927734375	0.0035873724489795924	0.5316671508538642	1812826
10	0.00240325927734375	0.0035873724489795924	0.7569849253360518	527742
11	0.00240325927734375	0.00468554768846314	1.0319342409929602	458963
12	0.00240325927734375	0.0035873724489795924	0.8095156359573589	3415355
13	0.00240325927734375	0.003138950892857143	0.26942594390034946	473266
14	0.00240325927734375	0.0035873724489795924	0.7574955987568914	362291
15	0.00240325927734375	0.004099854227405248	1.194067499464822	3675918
16	0.00240325927734375	0.003138950892857143	0.6431557109813356	510170
17	0.00240325927734375	0.00468554768846314	0.7998423381753974	376906
18	0.00240325927734375	0.004099854227405248	0.7022014087356845	4156074
19	0.00240325927734375	0.0035873724489795924	0.8362583808680021	498817
20	0.00240325927734375	0.00468554768846314	1.0023637640917136	499192
21	0.00240325927734375	0.003138950892857143	0.5669664423045907	4529939
22	0.00240325927734375	0.00274658203125	0.8295047100741735	1051649
23	0.00240325927734375	0.0035873724489795924	0.650603255652004	796812
24	0.00240325927734375	0.00468554768846314	0.7176602883672526	4228927
25	0.00240325927734375	0.004185267857142856	0.7782096530803472	1375451
26	0.00240325927734375	0.003138950892857143	0.7930779345010727	911229
27	0.00240325927734375	0.004099854227405248	0.8078284550002209	7418791
28	0.00240325927734375	0.00468554768846314	0.714378554575787	696698
29	0.00240325927734375	0.004099854227405248	0.8106784111229656	685052
30	0.00240325927734375	0.00240325927734375	0.8549370782804216	1606304
31	0.00240325927734375	0.00468554768846314	0.8998535104013241	443265
32	0.00240325927734375	0.00468554768846314	0.7516166966317038	833119
33	0.00240325927734375	0.004099854227405248	0.6769383500465617	682732
34	0.00240325927734375	0.007139882191943833	1.3993266239422661	432816
35	0.00240325927734375	0.00468554768846314	0.6674234191451528	492071
36	0.00240325927734375	0.005354911643957874	0.7724691468982505	640384
37	0.00240325927734375	0.005354911643957874	0.6648552371156095	490660
38	0.00240325927734375	0.0035873724489795924	0.9194702974245232	492370
39	0.00240325927734375	0.00274658203125	1.0348419357315386	854433
40	0.00240325927734375	0.004099854227405248	0.9472551805177766	463069
41	0.00240325927734375	0.004099854227405248	0.8140846948909406	535855
42	0.00240325927734375	0.0035873724489795924	0.6954356666298089	526950
43	0.00240325927734375	0.006119899021666142	0.6472940801278626	402802
44	0.00240325927734375	0.0035873724489795924	1.0829932950490997	506298
45	0.00240325927734375	0.00274658203125	0.40393131528134174	1061567
46	0.00240325927734375	0.004099854227405248	0.9019292865825912	548672
47	0.00240325927734375	0.003138950892857143	0.805212017505129	461700
48	0.00240325927734375	0.00274658203125	0.7766891816227435	529869
49	0.00240325927734375	0.003138950892857143	0.9156307167414631	445065
50	0.00240325927734375	0.004099854227405248	0.9991685628691022	507571
51	0.00240325927734375	0.0035873724489795924	0.3193425374706503	724793
52	0.00240325927734375	0.00274658203125	1.0881290155756742	423193
53	0.00240325927734375	0.00468554768846314	0.5895170305537488	571101
54	0.00240325927734375	0.003138950892857143	0.26942594390034946	1047090
55	0.00240325927734375	0.004099854227405248	0.9217306513724774	481166
56	0.00240325927734375	0.00274658203125	0.9567121953858699	439925
57	0.00240325927734375	0.003138950892857143	0.2207872834051713	648216
58	0.00240325927734375	0.004099854227405248	0.47989498236885453	418788
59	0.00240325927734375	0.00274658203125	0.3850903346964476	463933
60	0.00240325927734375	0.003138950892857143	0.8822202673067941	519534
61	0.00240325927734375	0.003138950892857143	0.6525341219862626	519883
62	0.00240325927734375	0.004099854227405248	0.7266480227557699	658698
63	0.00240325927734375	0.0035873724489795924	0.8018694085001372	1101192
64	0.00240325927734375	0.005354911643957874	0.7724691468982505	632856
65	0.00240325927734375	0.003138950892857143	0.5081004792861414	634615
66	0.00240325927734375	0.00274658203125	0.886622392878744	606533
67	0.00240325927734375	0.0035873724489795924	0.9197426580951807	419481
68	0.00240325927734375	0.004099854227405248	0.6796361463493921	376703
69	0.00240325927734375	0.00468554768846314	0.7777414680830169	614538
70	0.00240325927734375	0.004099854227405248	1.1217876809057277	504552
71	0.00240325927734375	0.004099854227405248	1.265281403395737	555004
72	0.00240325927734375	0.003138950892857143	0.5293184125067912	624398
73	0.00240325927734375	0.0035873724489795924	0.27942865957240903	484565
74	0.00240325927734375	0.00240325927734375	0.46486182107159085	625777
75	0.00240325927734375	0.003138950892857143	0.6084305264741027	688385
76	0.00240325927734375	0.004099854227405248	0.6283007684592643	483856
77	0.00240325927734375	0.004099854227405248	0.8165361555565264	373483
78	0.00240325927734375	0.0035873724489795924	0.6580706665746365	704639
79	0.00240325927734375	0.005354911643957874	0.8060920139961625	574518
80	0.00240325927734375	0.00468554768846314	0.9741749397191466	521205
81	0.00240325927734375	0.00468554768846314	0.8202256390527495	684220
82	0.00240325927734375	0.00274658203125	0.5408150808620928	483798
83	0.00240325927734375	0.004099854227405248	0.9800587357377231	485712
84	0.00240325927734375	0.0035873724489795924	0.7391037230542011	472654
85	0.00240325927734375	0.00274658203125	0.9048117706315918	451607
86	0.00240325927734375	0.0035873724489795924	0.6781017530482094	384789
87	0.00240325927734375	0.003138950892857143	0.3949968548992396	724685
88	0.00240325927734375	0.00274658203125	0.6724052979937339	486333
89	0.00240325927734375	0.0035873724489795924	0.7667987478561333	561277
90	0.00240325927734375	0.004099854227405248	0.6654049710553581	486400
91	0.00240325927734375	0.003138950892857143	0.837018020561829	475226
92	0.00240325927734375	0.003138950892857143	0.6561111698386768	615467
12	0.00240325927734375	0.00274658203125	0.9994529640650647	642105
13	0.00240325927734375	0.004099854227405248	0.7499937488660495	275282
14	0.00240325927734375	0.00468554768846314	0.8166688481082964	531177
15	0.00240325927734375	0.003138950892857143	1.1157127459182625	1053674
16	0.00240325927734375	0.0035873724489795924	0.6451327292467813	468701
17	0.00240325927734375	0.00274658203125	0.554445230212033	443471
18	0.00240325927734375	0.00468554768846314	1.1666525763160422	2598354
19	0.00240325927734375	0.0035873724489795924	1.0227857866968184	1707019
20	0.00240325927734375	0.003138950892857143	0.6688323068437062	553922
21	0.00240325927734375	0.004099854227405248	0.6483144077034084	2899248
22	0.00240325927734375	0.00274658203125	0.5953033681844802	727496
23	0.00240325927734375	0.005354911643957874	1.08392005081144	748793
24	0.00240325927734375	0.0035873724489795924	0.5577659038212255	3820826
25	0.00240325927734375	0.0035873724489795924	0.8372238305982043	539278
26	0.00240325927734375	0.0035873724489795924	0.5277457326021664	1279934
27	0.00240325927734375	0.003138950892857143	0.6654049710553581	5464595
28	0.00240325927734375	0.004099854227405248	0.5456471171493534	1252924
29	0.00240325927734375	0.004099854227405248	1.0699386060475575	429120
30	0.00240325927734375	0.004099854227405248	0.7998423381753974	4023891
31	0.00240325927734375	0.004099854227405248	0.7208499950523766	494756
32	0.00240325927734375	0.003662109374999999	0.6073575892486077	457916
33	0.00240325927734375	0.003138950892857143	0.8872501167416011	5098309
34	0.00240325927734375	0.003138950892857143	0.8612131468838631	3774531
35	0.00240325927734375	0.00468554768846314	0.7892524417489257	1220450
36	0.00240325927734375	0.0035873724489795924	0.5953033681844802	3654037
37	0.00240325927734375	0.006119899021666142	1.030721209538028	2762627
38	0.00240325927734375	0.004099854227405248	1.035077081416303	2644837
39	0.00240325927734375	0.004099854227405248	0.5954285011384068	5098449
40	0.00240325927734375	0.004099854227405248	0.8804713199068049	2417116
41	0.00240325927734375	0.005354911643957874	0.9061039946162797	925017
42	0.00240325927734375	0.00274658203125	0.8143014413397669	3882975
43	0.00240325927734375	0.003138950892857143	0.7407973884472949	829030
