0	0.00240325927734375	0.006247396917950854	1.1149987459213786	257199
1	0.00240325927734375	0.0035873724489795924	0.888130750304418	254897
2	0.00240325927734375	0.003138950892857143	0.7996135617435007	271681
3	0.00240325927734375	0.00274658203125	0.5551845505692676	318701
4	0.00240325927734375	0.0035873724489795924	0.8287796089847973	320119
5	0.00240325927734375	0.00274658203125	0.8207379126656511	342482
6	0.00240325927734375	0.003138950892857143	0.5169954825889849	383654
7	0.00240325927734375	0.003138950892857143	0.6535496880590731	466975
8	0.00240325927734375	0.003138950892857143	0.6128421852987456	481107
9	0.00240325927734375	0.00274658203125	0.7065238832128781	1862105
10	0.00240325927734375	0.005354911643957874	0.9122320150505824	487691
11	0.00240325927734375	0.0047831632653061226	0.7800413432465235	452451
12	0.00240325927734375	0.00274658203125	0.27942865957240903	2140594
13	0.00240325927734375	0.0035873724489795924	0.7936594748256917	530169
14	0.00240325927734375	0.004099854227405248	0.9239766016953582	542119
15	0.00240325927734375	0.0035873724489795924	0.8822202673067941	1829803
16	0.00240325927734375	0.0035873724489795924	0.6079588387919129	433467
17	0.00240325927734375	0.0035873724489795924	0.7042324512228719	628202
18	0.00240325927734375	0.004099854227405248	0.711994084723933	1441506
19	0.00240325927734375	0.00468554768846314	0.5957011110120926	654355
20	0.00240325927734375	0.0035873724489795924	1.0173542673324003	816400
21	0.00240325927734375	0.003138950892857143	0.7408439791591673	2973284
22	0.00240325927734375	0.006119899021666142	0.6472940801278626	618103
23	0.00240325927734375	0.004099854227405248	0.5954285011384068	574319
24	0.00240325927734375	0.005354911643957874	1.0331847975267365	864022
25	0.00240325927734375	0.003138950892857143	0.9257701885591317	409372
26	0.00240325927734375	0.00468554768846314	0.46105833933866197	366506
27	0.00240325927734375	0.00468554768846314	0.9862127251325203	1846651
28	0.00240325927734375	0.00274658203125	0.5656172268516562	454877
29	0.00240325927734375	0.003138950892857143	0.9169879915783635	479279
30	0.00240325927734375	0.005354911643957874	0.8328182660859386	4069405
31	0.00240325927734375	0.0035873724489795924	0.876096548565412	1073246
32	0.00240325927734375	0.00274658203125	0.797126159197914	505841
33	0.00240325927734375	0.00274658203125	0.4211648028270305	3482396
34	0.00240325927734375	0.0035873724489795924	0.7946188578547926	579733
35	0.00240325927734375	0.005354911643957874	0.5486569155892225	527272
36	0.00240325927734375	0.0035873724489795924	0.613645161613009	1956772
37	0.00240325927734375	0.00468554768846314	1.1897393279317239	1234421
38	0.00240325927734375	0.00240325927734375	0.5965766233672192	592466
39	0.00240325927734375	0.004099854227405248	0.5615350858854704	4784140
40	0.00240325927734375	0.004099854227405248	1.0219234046650822	1701293
41	0.00240325927734375	0.0035873724489795924	0.8607458901041045	839422
42	0.00240325927734375	0.0035873724489795924	0.500169331995343	4479447
43	0.00240325927734375	0.00468554768846314	1.0958519032821312	668632
44	0.00240325927734375	0.004099854227405248	0.8675645614404268	479081
45	0.00240325927734375	0.004099854227405248	0.5757774426010136	3726481
46	0.00240325927734375	0.004099854227405248	0.5957011110120926	1025478
47	0.00240325927734375	0.00468554768846314	0.6806215359510435	1099488
48	0.00240325927734375	0.006247396917950854	0.7840944459866822	1934843
49	0.00240325927734375	0.00468554768846314	0.9303787370559462	421770
50	0.00240325927734375	0.0035873724489795924	0.957300104651448	472268
51	0.00240325927734375	0.004099854227405248	0.5698244378957862	3122372
52	0.00240325927734375	0.00468554768846314	0.8936466738828512	690954
53	0.00240325927734375	0.00468554768846314	0.970654459653823	544115
54	0.00240325927734375	0.003138950892857143	0.8260780488086806	3213915
55	0.00240325927734375	0.006119899021666142	0.8991628336168439	656292
56	0.00240325927734375	0.005354911643957874	0.7561241212438912	555765
57	0.00240325927734375	0.005354911643957874	0.5486569155892225	4033217
58	0.00240325927734375	0.0035873724489795924	0.6834512404795346	631682
59	0.00240325927734375	0.00240325927734375	0.6705926306350583	480350
60	0.00240325927734375	0.00274658203125	0.5988624626688432	3748737
61	0.00240325927734375	0.003138950892857143	0.5602944237215381	1296130
62	0.00240325927734375	0.0035873724489795924	0.9981827496152174	886664
17	0.00240325927734375	0.00240325927734375	0.6057148240511083	382049
18	0.00240325927734375	0.003138950892857143	0.9253526688643012	3626744
19	0.00240325927734375	0.0035873724489795924	0.7215899539488593	591270
20	0.00240325927734375	0.00468554768846314	0.5408150808620928	415696
21	0.00240325927734375	0.004099854227405248	0.8630047887241346	3445413
22	0.00240325927734375	0.00274658203125	0.36509256641028376	755076
23	0.00240325927734375	0.00468554768846314	0.9510243867840482	478335
24	0.00240325927734375	0.00274658203125	1.0905548761516548	2993785
25	0.00240325927734375	0.003138950892857143	0.583330290527021	715973
26	0.00240325927734375	0.005354911643957874	0.7724691468982505	526470
27	0.00240325927734375	0.0035873724489795924	0.8771945676409968	2646761
28	0.00240325927734375	0.004099854227405248	1.070112635068696	1061604
29	0.00240325927734375	0.003138950892857143	0.5062039293537564	556113
30	0.00240325927734375	0.003138950892857143	0.9365065270458519	3412759
31	0.00240325927734375	0.003138950892857143	0.40301095753191163	723609
32	0.00240325927734375	0.00468554768846314	0.7528811701837897	533717
33	0.00240325927734375	0.00274658203125	0.619142256693538	1602968
34	0.00240325927734375	0.004099854227405248	0.5892998767552383	438068
35	0.00240325927734375	0.00468554768846314	0.8595464587295538	743408
36	0.00240325927734375	0.005354911643957874	0.5316671508538642	5327556
37	0.00240325927734375	0.00274658203125	0.5051155787649115	2858472
38	0.00240325927734375	0.0035873724489795924	0.969294898260749	1100724
39	0.00240325927734375	0.003138950892857143	0.8647921694789836	4129624
40	0.00240325927734375	0.003138950892857143	0.7289300545238664	1715562
41	0.00240325927734375	0.003138950892857143	0.5572653352020441	563867
42	0.00240325927734375	0.0035873724489795924	0.8763806479755227	4049479
43	0.00240325927734375	0.006119899021666142	1.3436711349647843	521013
44	0.00240325927734375	0.004099854227405248	0.613645161613009	404062
45	0.00240325927734375	0.00274658203125	0.6125409717037203	4062094
46	0.00240325927734375	0.003138950892857143	0.6148195910440275	492838
47	0.00240325927734375	0.004099854227405248	0.7552127958367371	433982
48	0.00240325927734375	0.004099854227405248	0.9464079389649209	3942056
49	0.00240325927734375	0.004099854227405248	1.0902716703441397	461474
50	0.00240325927734375	0.0035873724489795924	0.46765791709578064	411834
51	0.00240325927734375	0.004099854227405248	0.41150289191529354	4250235
52	0.00240325927734375	0.003138950892857143	0.36879448250521546	530655
53	0.00240325927734375	0.003138950892857143	0.9779235603841456	480920
54	0.00240325927734375	0.00468554768846314	0.7454369515957597	3608663
55	0.00240325927734375	0.00240325927734375	0.26129515566389994	572172
56	0.00240325927734375	0.004099854227405248	1.1914558636304262	431917
0	0.00240325927734375	0.0035873724489795924	0.8678047527638607	287337
1	0.00240325927734375	0.003138950892857143	0.8332146183126564	260053
2	0.00240325927734375	0.004099854227405248	0.7671398196578567	271340
3	0.00240325927734375	0.00468554768846314	0.9696830430471803	699627
4	0.00240325927734375	0.0035873724489795924	0.9594863673982446	337280
5	0.00240325927734375	0.003138950892857143	0.5604910948987741	349294
6	0.00240325927734375	0.0035873724489795924	0.6675870071452594	1800036
7	0.00240325927734375	0.0035873724489795924	0.9950779848369907	415239
8	0.00240325927734375	0.004099854227405248	1.0605079538422333	402993
9	0.00240325927734375	0.003138950892857143	0.7991667635868107	3389001
10	0.00240325927734375	0.00468554768846314	0.8844014569853184	556098
11	0.00240325927734375	0.004099854227405248	0.47989498236885453	469838
12	0.00240325927734375	0.004099854227405248	0.8680239985130676	3431017
13	0.00240325927734375	0.0035873724489795924	0.7706541293778734	386095
14	0.00240325927734375	0.00468554768846314	0.9975518091202666	432560
15	0.00240325927734375	0.0035873724489795924	0.6930496255740798	4092965
16	0.00240325927734375	0.004099854227405248	0.8856317894253344	794749
17	0.00240325927734375	0.0035873724489795924	0.5316671508538642	732114
18	0.00240325927734375	0.00274658203125	0.6600936661472595	3750160
19	0.00240325927734375	0.004099854227405248	0.7967098229730211	756309
20	0.00240325927734375	0.00468554768846314	0.6084305264741027	412629
21	0.00240325927734375	0.006119899021666142	1.0678848081153984	2914713
