0	0.00240325927734375	0.00274658203125	0.4146291755846023	262576
1	0.00240325927734375	0.00468554768846314	0.6648552371156095	256226
2	0.00240325927734375	0.004099854227405248	0.7260488631284274	257236
3	0.00240325927734375	0.00468554768846314	1.0969594120911426	286932
4	0.00240325927734375	0.00468554768846314	0.8269318613769505	319638
5	0.00240325927734375	0.00274658203125	0.936294403968106	280491
6	0.00240325927734375	0.004099854227405248	0.5846438992057731	641942
7	0.00240325927734375	0.0035873724489795924	1.015325075836434	298033
8	0.00240325927734375	0.0035873724489795924	0.8318592386362634	497747
9	0.00240325927734375	0.00468554768846314	0.8478910516481252	1374812
10	0.00240325927734375	0.005354911643957874	0.8301599635377048	491508
11	0.00240325927734375	0.003138950892857143	0.27942865957240903	522586
12	0.00240325927734375	0.003138950892857143	0.7679079850347026	1455156
13	0.00240325927734375	0.00274658203125	0.22858055408794858	655600
14	0.00240325927734375	0.004099854227405248	0.9690548023417788	511704
15	0.00240325927734375	0.00274658203125	0.9410041481551099	1354722
16	0.00240325927734375	0.003138950892857143	0.654777075877634	552876
17	0.00240325927734375	0.0035873724489795924	0.4358605586643549	598700
18	0.00240325927734375	0.006119899021666142	1.0005722300143498	1743650
19	0.00240325927734375	0.0035873724489795924	0.9090643295356705	910388
20	0.00240325927734375	0.00274658203125	1.0675514731481888	2368778
21	0.00240325927734375	0.004099854227405248	0.9037909020959839	4610646
22	0.00240325927734375	0.00468554768846314	1.0691966749112911	598862
23	0.00240325927734375	0.00240325927734375	0.5738630213636511	1410411
24	0.00240325927734375	0.00274658203125	0.695569025909692	6269342
25	0.00240325927734375	0.006119899021666142	1.1670504798594312	659284
26	0.00240325927734375	0.005354911643957874	1.1509519706221838	516261
27	0.00240325927734375	0.004099854227405248	0.7530068746976755	4059522
28	0.00240325927734375	0.00468554768846314	0.9950779848369907	477813
29	0.00240325927734375	0.005354911643957874	0.6486059469237553	540059
30	0.00240325927734375	0.004099854227405248	0.5166005319096117	5065351
31	0.00240325927734375	0.004099854227405248	0.7828071744138969	635000
32	0.00240325927734375	0.00468554768846314	0.9709803642708478	611382
33	0.00240325927734375	0.00468554768846314	1.0482095131307405	983018
34	0.00240325927734375	0.0035873724489795924	0.9501835137836806	621614
35	0.00240325927734375	0.004099854227405248	0.9318987375192214	623659
36	0.00240325927734375	0.00274658203125	0.9085145497241449	490853
37	0.00240325927734375	0.00468554768846314	0.7737852425688121	457291
38	0.00240325927734375	0.003138950892857143	0.634529279441464	540224
39	0.00240325927734375	0.004099854227405248	0.5775187919289021	753373
40	0.00240325927734375	0.0035873724489795924	1.0859699076745322	442429
41	0.00240325927734375	0.004099854227405248	1.1780098725309702	476508
42	0.00240325927734375	0.004099854227405248	0.8006698763828854	629181
43	0.00240325927734375	0.004099854227405248	1.0504217918600145	533450
44	0.00240325927734375	0.003138950892857143	0.4711263834307338	553663
45	0.00240325927734375	0.0035873724489795924	0.8544266831001259	816526
46	0.00240325927734375	0.0035873724489795924	0.4321472194956394	493217
47	0.00240325927734375	0.003138950892857143	1.1088167475928417	482377
48	0.00240325927734375	0.0035873724489795924	0.7946188578547926	590841
49	0.00240325927734375	0.004099854227405248	0.707570552947323	487814
50	0.00240325927734375	0.00274658203125	0.698768125417399	524383
51	0.00240325927734375	0.003138950892857143	0.3280673200675872	884924
52	0.00240325927734375	0.005354911643957874	1.1390984167247646	621769
53	0.00240325927734375	0.00468554768846314	0.9688769925497349	560298
54	0.00240325927734375	0.00468554768846314	0.6980097920181575	956008
55	0.00240325927734375	0.003138950892857143	0.7953018623005227	558192
56	0.00240325927734375	0.0035873724489795924	0.9191394439718632	602106
57	0.00240325927734375	0.006119899021666142	0.8883177168330967	839910
58	0.00240325927734375	0.003138950892857143	0.7071598277099005	488102
59	0.00240325927734375	0.0035873724489795924	0.9024196828431963	569806
60	0.00240325927734375	0.004099854227405248	0.6963537400914321	796074
61	0.00240325927734375	0.00468554768846314	0.500169331995343	552613
62	0.00240325927734375	0.003138950892857143	0.82322681526833	535749
63	0.00240325927734375	0.00468554768846314	0.9891280047742861	743997
64	0.00240325927734375	0.003138950892857143	0.5062039293537564	456986
65	0.00240325927734375	0.003138950892857143	0.27942865957240903	480076
66	0.00240325927734375	0.0035873724489795924	1.023253313373953	549511
67	0.00240325927734375	0.006119899021666142	0.9778859614403497	540044
68	0.00240325927734375	0.00468554768846314	0.9699297989079955	504583
69	0.00240325927734375	0.003138950892857143	0.6311987620344006	609650
70	0.00240325927734375	0.0035873724489795924	0.8863684510198491	655148
71	0.00240325927734375	0.00274658203125	0.7878122745281164	527601
72	0.00240325927734375	0.004099854227405248	0.9332788145791293	803298
73	0.00240325927734375	0.003138950892857143	0.7639768604031614	485347
74	0.00240325927734375	0.0035873724489795924	0.9815494743188348	526480
75	0.00240325927734375	0.0035873724489795924	0.6655181007983487	888864
76	0.00240325927734375	0.00274658203125	0.454480653946287	530096
77	0.00240325927734375	0.00468554768846314	0.6286783229102727	652544
78	0.00240325927734375	0.0035873724489795924	0.9157010598126221	787952
79	0.00240325927734375	0.003138950892857143	0.5105102843732272	493947
80	0.00240325927734375	0.003138950892857143	0.7809425179021237	544084
81	0.00240325927734375	0.00468554768846314	0.9647453707835174	599739
82	0.00240325927734375	0.003138950892857143	0.9343774900028778	496902
83	0.00240325927734375	0.00468554768846314	0.7850955772710624	503478
84	0.00240325927734375	0.003138950892857143	0.7747324653297196	653586
85	0.00240325927734375	0.0047831632653061226	0.8826066939320204	429864
86	0.00240325927734375	0.004099854227405248	0.9332014804928604	498409
87	0.00240325927734375	0.004099854227405248	1.1384776648639972	1004927
88	0.00240325927734375	0.004099854227405248	0.8459214505609385	557647
89	0.00240325927734375	0.00468554768846314	0.9219086971807857	613113
90	0.00240325927734375	0.0035873724489795924	0.7705533893840184	885814
91	0.00240325927734375	0.0035873724489795924	0.675006914576907	463678
92	0.00240325927734375	0.003138950892857143	0.6600936661472595	538737
93	0.00240325927734375	0.00274658203125	0.7574631245884003	744191
94	0.00240325927734375	0.003138950892857143	0.5783102202625546	464502
95	0.00240325927734375	0.006119899021666142	0.8360002166887709	449984
1	0.00240325927734375	0.00468554768846314	0.3966839071762177	273044
2	0.00240325927734375	0.0035873724489795924	0.8012591904457156	281457
3	0.00240325927734375	0.003138950892857143	0.6429197020950927	500925
4	0.00240325927734375	0.003138950892857143	1.037745121181744	325316
5	0.00240325927734375	0.003138950892857143	0.762157968892608	479921
6	0.00240325927734375	0.0035873724489795924	0.8796700647700845	1524051
7	0.00240325927734375	0.003138950892857143	0.8399977192531871	487284
8	0.00240325927734375	0.004099854227405248	0.7828071744138969	562183
9	0.00240325927734375	0.0035873724489795924	0.8929150890219418	2713149
10	0.00240325927734375	0.00274658203125	0.6073575892486077	830240
11	0.00240325927734375	0.0035873724489795924	0.9194702974245232	792036
12	0.00240325927734375	0.005354911643957874	1.0970616287870385	2792805
13	0.00240325927734375	0.00468554768846314	0.8297158704907285	1112067
14	0.00240325927734375	0.004099854227405248	0.9095278312846691	742958
15	0.00240325927734375	0.0035873724489795924	0.6939963973297963	2378439
16	0.00240325927734375	0.004099854227405248	0.6342688642426048	683359
17	0.00240325927734375	0.005354911643957874	0.8586827731399579	444454
18	0.00240325927734375	0.00274658203125	1.4051410053077467	4768031
19	0.00240325927734375	0.003138950892857143	0.6131253707783104	742160
20	0.00240325927734375	0.005354911643957874	0.7102416530542501	421321
21	0.00240325927734375	0.003138950892857143	0.6731022321791613	4479295
22	0.00240325927734375	0.0035873724489795924	0.8362583808680021	719322
23	0.00240325927734375	0.00240325927734375	0.6781017530482094	447575
24	0.00240325927734375	0.00274658203125	0.6369276497424543	4057623
25	0.00240325927734375	0.003138950892857143	0.8398972324362269	804319
26	0.00240325927734375	0.004099854227405248	0.842518700140928	413531
27	0.00240325927734375	0.005354911643957874	0.8661963519825046	4726300
28	0.00240325927734375	0.003138950892857143	0.46105833933866197	971175
29	0.00240325927734375	0.00274658203125	0.5408150808620928	1093960
