0	0.00240325927734375	0.004099854227405248	0.7763016645344903	289312
1	0.00240325927734375	0.004099854227405248	0.5656172268516562	276632
2	0.00240325927734375	0.0035873724489795924	0.8607458901041045	290354
3	0.00240325927734375	0.004099854227405248	1.2397259289270852	488512
4	0.00240325927734375	0.00274658203125	0.9234948073671841	418550
5	0.00240325927734375	0.00468554768846314	1.2709712083322715	455638
6	0.00240325927734375	0.005466472303206997	1.0805841477985278	868484
7	0.00240325927734375	0.0035873724489795924	1.0245376438326228	414971
8	0.00240325927734375	0.003138950892857143	0.3850903346964476	447965
9	0.00240325927734375	0.00468554768846314	0.9219086971807857	1641907
10	0.00240325927734375	0.00274658203125	0.7794989611945641	646597
11	0.00240325927734375	0.00468554768846314	0.8611378127104434	835094
12	0.00240325927734375	0.004099854227405248	0.7572409190152881	1433571
13	0.00240325927734375	0.00468554768846314	1.0169588023615033	708693
14	0.00240325927734375	0.005354911643957874	1.0776832440020596	664416
15	0.00240325927734375	0.0035873724489795924	0.6705926306350583	2579212
16	0.00240325927734375	0.004099854227405248	0.500169331995343	690783
17	0.00240325927734375	0.004099854227405248	0.9875349042263515	550250
18	0.00240325927734375	0.0035873724489795924	0.6675870071452594	3464423
19	0.00240325927734375	0.00468554768846314	1.094117024391097	560578
20	0.00240325927734375	0.0035873724489795924	0.7375808684032054	430866
21	0.00240325927734375	0.003138950892857143	0.4705143080389149	4752188
22	0.00240325927734375	0.00468554768846314	0.26942594390034946	685014
23	0.00240325927734375	0.004099854227405248	0.5826289272877523	436469
24	0.00240325927734375	0.004099854227405248	0.8006698763828854	4698685
25	0.00240325927734375	0.0035873724489795924	0.5452426373289887	657460
26	0.00240325927734375	0.00468554768846314	1.240175452036365	409986
27	0.00240325927734375	0.0035873724489795924	0.8856859550457112	4553628
28	0.00240325927734375	0.006119899021666142	1.1718099981611396	666499
29	0.00240325927734375	0.003138950892857143	0.7208499950523766	430930
30	0.00240325927734375	0.0035873724489795924	0.5329952038510364	5246592
31	0.00240325927734375	0.005354911643957874	1.0820520995688827	424318
32	0.00240325927734375	0.00274658203125	0.7598833452271068	374757
33	0.00240325927734375	0.003138950892857143	0.5229092028783412	419055
34	0.00240325927734375	0.003138950892857143	0.8227492384114349	364011
35	0.00240325927734375	0.00468554768846314	1.0931485697224848	364589
36	0.00240325927734375	0.003138950892857143	0.4596471859326845	366060
37	0.00240325927734375	0.003138950892857143	0.9271911274954011	358796
38	0.00240325927734375	0.00468554768846314	0.6079588387919129	361588
39	0.00240325927734375	0.003138950892857143	0.7288145731112495	367190
40	0.00240325927734375	0.003138950892857143	0.7782257060118252	360094
41	0.00240325927734375	0.0035873724489795924	0.32335263409066817	364934
42	0.00240325927734375	0.004099854227405248	0.8948352723181564	371492
43	0.00240325927734375	0.00468554768846314	0.6496277470709797	359293
44	0.00240325927734375	0.003138950892857143	0.5081004792861414	359877
45	0.00240325927734375	0.0035873724489795924	0.46765791709578064	359306
46	0.00240325927734375	0.0035873724489795924	1.1036943816103435	450597
47	0.00240325927734375	0.003138950892857143	0.5602944237215381	422558
48	0.00240325927734375	0.004099854227405248	0.5723611479129064	1197877
49	0.00240325927734375	0.00274658203125	0.9941265382913739	559213
50	0.00240325927734375	0.0035873724489795924	1.0625618720368608	643993
51	0.00240325927734375	0.0035873724489795924	0.7161452938815767	1070157
52	0.00240325927734375	0.005354911643957874	0.5893387435099808	603134
53	0.00240325927734375	0.003138950892857143	0.5779191927265845	508001
54	0.00240325927734375	0.003138950892857143	0.613645161613009	523190
55	0.00240325927734375	0.00274658203125	1.0209759372863196	543415
56	0.00240325927734375	0.0035873724489795924	0.27942865957240903	650120
57	0.00240325927734375	0.00468554768846314	0.8011054648787022	1106248
58	0.00240325927734375	0.004099854227405248	0.8189962856439745	497854
59	0.00240325927734375	0.0035873724489795924	0.7161452938815767	533800
60	0.00240325927734375	0.005466472303206997	0.7123439485339038	575385
61	0.00240325927734375	0.00468554768846314	0.9191255420859823	461000
62	0.00240325927734375	0.004099854227405248	1.0499370658246383	479738
63	0.00240325927734375	0.0035873724489795924	0.7443440662717085	681239
64	0.00240325927734375	0.0035873724489795924	0.3702963559559602	577950
65	0.00240325927734375	0.0035873724489795924	0.9358785131776332	572150
66	0.00240325927734375	0.003138950892857143	0.26942594390034946	579059
67	0.00240325927734375	0.003138950892857143	1.1946394829444693	467571
68	0.00240325927734375	0.0035873724489795924	0.8163518878279548	507393
69	0.00240325927734375	0.00468554768846314	0.5895170305537488	682290
70	0.00240325927734375	0.004099854227405248	0.7998423381753974	388771
71	0.00240325927734375	0.003138950892857143	0.4722614008248937	493573
72	0.00240325927734375	0.00274658203125	0.6128421852987456	1052108
73	0.00240325927734375	0.004099854227405248	1.0070260956632286	550281
74	0.00240325927734375	0.00274658203125	0.6576223988608134	492493
75	0.00240325927734375	0.004099854227405248	0.7692171100620039	546225
76	0.00240325927734375	0.00468554768846314	1.1244042876546514	457355
77	0.00240325927734375	0.00240325927734375	0.6212035864446026	529135
78	0.00240325927734375	0.00240325927734375	0.8111024165790848	980761
79	0.00240325927734375	0.0035873724489795924	0.7551324269178905	382190
80	0.00240325927734375	0.003138950892857143	0.6147142051778058	480942
81	0.00240325927734375	0.00468554768846314	1.0208817062567133	861448
82	0.00240325927734375	0.00468554768846314	0.5191529685340931	483766
83	0.00240325927734375	0.00274658203125	0.7541483971669205	560259
84	0.00240325927734375	0.004099854227405248	0.4358605586643549	588273
85	0.00240325927734375	0.003138950892857143	0.6095368177910734	650790
86	0.00240325927734375	0.0035873724489795924	0.8619341638873453	465257
87	0.00240325927734375	0.0035873724489795924	0.5277457326021664	789109
88	0.00240325927734375	0.0035873724489795924	0.6917005867439925	395015
89	0.00240325927734375	0.003138950892857143	0.7574196814225235	436529
90	0.00240325927734375	0.0035873724489795924	0.9661262803898925	572334
91	0.00240325927734375	0.0035873724489795924	1.2679646825307407	499212
92	0.00240325927734375	0.00274658203125	0.27942865957240903	457596
93	0.00240325927734375	0.00468554768846314	0.773391103303477	582977
94	0.00240325927734375	0.004099854227405248	0.7528811701837897	539181
95	0.00240325927734375	0.0035873724489795924	1.1187472685207727	547327
96	0.00240325927734375	0.00468554768846314	0.8610859651842808	809732
97	0.00240325927734375	0.00274658203125	0.4894829601663889	375402
98	0.00240325927734375	0.00274658203125	1.139408826659341	386270
99	0.00240325927734375	0.004099854227405248	0.8840432482559023	854659
100	0.00240325927734375	0.00468554768846314	0.925426997730608	514455
101	0.00240325927734375	0.004099854227405248	0.7176602883672526	547092
102	0.00240325927734375	0.00468554768846314	1.076458385780761	618507
18	0.00240325927734375	0.004099854227405248	1.0186767132371664	4852542
19	0.00240325927734375	0.00274658203125	0.4674725881231375	567386
20	0.00240325927734375	0.003138950892857143	0.6628173201961995	385441
21	0.00240325927734375	0.004099854227405248	0.8797930944285738	4733625
22	0.00240325927734375	0.00468554768846314	0.9303787370559462	550433
23	0.00240325927734375	0.005354911643957874	0.8301599635377048	388033
24	0.00240325927734375	0.003138950892857143	0.8195832568849986	4760420
25	0.00240325927734375	0.0035873724489795924	1.0438234753016369	573104
26	0.00240325927734375	0.0035873724489795924	0.7930779345010727	398686
0	0.00240325927734375	0.00240325927734375	0.26129515566389994	273463
1	0.00240325927734375	0.004099854227405248	0.5521229218175507	254407
2	0.00240325927734375	0.0035873724489795924	1.0450136556662524	274164
3	0.00240325927734375	0.00468554768846314	0.9509299115105566	446241
4	0.00240325927734375	0.00274658203125	0.9482405730191033	347584
5	0.00240325927734375	0.006119899021666142	1.0882899063396905	298077
6	0.00240325927734375	0.00468554768846314	0.9086573646816594	997854
7	0.00240325927734375	0.00468554768846314	0.500169331995343	645626
8	0.00240325927734375	0.004099854227405248	0.886227797056727	1018918
9	0.00240325927734375	0.0035873724489795924	0.3702963559559602	2699495
10	0.00240325927734375	0.00274658203125	0.41150289191529354	818963
11	0.00240325927734375	0.004099854227405248	0.6986454041652321	2068557
12	0.00240325927734375	0.003138950892857143	0.6834616477765454	2813475
