0	0.00240325927734375	0.004099854227405248	0.5954285011384068	258877
1	0.00240325927734375	0.004099854227405248	0.3559877994173646	260219
2	0.00240325927734375	0.00468554768846314	1.0719586754238941	250890
3	0.00240325927734375	0.004099854227405248	0.5309027769921314	363300
4	0.00240325927734375	0.0035873724489795924	0.9579497544236283	278179
5	0.00240325927734375	0.004099854227405248	0.6429197020950927	283905
6	0.00240325927734375	0.003138950892857143	0.8551368402835844	343153
7	0.00240325927734375	0.0035873724489795924	0.5316671508538642	382448
8	0.00240325927734375	0.0035873724489795924	0.9513495726378419	344729
9	0.00240325927734375	0.005354911643957874	1.3053573422446112	407386
10	0.00240325927734375	0.004099854227405248	0.7477836847950751	275343
11	0.00240325927734375	0.00468554768846314	0.6745167800974325	279385
12	0.00240325927734375	0.004099854227405248	0.8610859651842808	427657
13	0.00240325927734375	0.0035873724489795924	0.7504312650905558	302829
14	0.00240325927734375	0.0035873724489795924	0.7102416530542501	336218
15	0.00240325927734375	0.00468554768846314	0.5723611479129064	572481
16	0.00240325927734375	0.0035873724489795924	0.8788169922356253	340756
17	0.00240325927734375	0.00274658203125	0.8699040545995561	347260
18	0.00240325927734375	0.00468554768846314	0.846958035934221	683002
19	0.00240325927734375	0.003138950892857143	0.8646319590030103	373640
20	0.00240325927734375	0.004099854227405248	0.4711263834307338	439151
21	0.00240325927734375	0.004099854227405248	0.3527599326579586	334079
22	0.00240325927734375	0.004099854227405248	0.7022014087356845	328841
23	0.00240325927734375	0.003138950892857143	0.5367126567672513	351001
24	0.00240325927734375	0.004099854227405248	0.6970482110580039	367343
25	0.00240325927734375	0.00274658203125	0.5191529685340931	322973
26	0.00240325927734375	0.00274658203125	0.7858815712676077	268593
27	0.00240325927734375	0.004099854227405248	0.9468360116206577	413666
28	0.00240325927734375	0.0035873724489795924	0.5463221147242449	304036
29	0.00240325927734375	0.0035873724489795924	0.6446774286294454	426272
30	0.00240325927734375	0.004099854227405248	0.8329968930779454	481851
31	0.00240325927734375	0.005354911643957874	0.5592582483653494	358313
32	0.00240325927734375	0.0035873724489795924	0.5712260593395756	351845
33	0.00240325927734375	0.00274658203125	0.45855315010286146	529950
34	0.00240325927734375	0.0035873724489795924	1.0058782887879278	333846
35	0.00240325927734375	0.004099854227405248	0.8459214505609385	376158
36	0.00240325927734375	0.0035873724489795924	0.46105833933866197	431224
37	0.00240325927734375	0.003138950892857143	0.6637622058578585	309576
38	0.00240325927734375	0.0035873724489795924	0.8367592916745693	419906
39	0.00240325927734375	0.003138950892857143	0.6448843237564781	458882
40	0.00240325927734375	0.004099854227405248	0.3559877994173646	335193
41	0.00240325927734375	0.006119899021666142	1.0699291629729228	400175
42	0.00240325927734375	0.00468554768846314	0.6439759327792607	308755
43	0.00240325927734375	0.00274658203125	0.44310970425036134	275836
44	0.00240325927734375	0.00468554768846314	0.7450694991046345	352910
45	0.00240325927734375	0.005354911643957874	0.6973757709027594	518271
46	0.00240325927734375	0.0035873724489795924	0.686065351567182	291731
47	0.00240325927734375	0.005354911643957874	1.0267169192377268	292211
48	0.00240325927734375	0.004099854227405248	0.4876556853819445	344564
49	0.00240325927734375	0.004099854227405248	0.6588402520167402	315378
50	0.00240325927734375	0.005354911643957874	0.9630310700733117	397253
51	0.00240325927734375	0.004099854227405248	0.6769383500465617	337587
52	0.00240325927734375	0.004099854227405248	0.6328168484142378	407552
53	0.00240325927734375	0.00468554768846314	0.8427230443719522	354415
54	0.00240325927734375	0.004099854227405248	0.834710481107529	470324
55	0.00240325927734375	0.00468554768846314	0.9828512572266549	298672
56	0.00240325927734375	0.00468554768846314	1.3138334061311485	357902
57	0.00240325927734375	0.003138950892857143	0.7551324269178905	519370
58	0.00240325927734375	0.0035873724489795924	0.8293021461292156	346113
59	0.00240325927734375	0.0035873724489795924	0.7123439485339038	338945
60	0.00240325927734375	0.00468554768846314	0.7123439485339038	341559
61	0.00240325927734375	0.0035873724489795924	0.7439918209191354	396974
62	0.00240325927734375	0.003138950892857143	0.4043216966243352	380262
63	0.00240325927734375	0.004099854227405248	0.7763016645344903	473452
64	0.00240325927734375	0.00274658203125	0.8581948058276367	271488
65	0.00240325927734375	0.0035873724489795924	1.1341419983983225	273842
66	0.00240325927734375	0.003138950892857143	0.45541408671804184	407148
67	0.00240325927734375	0.003138950892857143	0.4629630727915729	287459
68	0.00240325927734375	0.004099854227405248	0.45855315010286146	349878
69	0.00240325927734375	0.00468554768846314	0.9961641821334134	453237
70	0.00240325927734375	0.004099854227405248	0.6743990796106459	269009
71	0.00240325927734375	0.003138950892857143	0.9272727105346299	397264
72	0.00240325927734375	0.003138950892857143	0.46105833933866197	363527
73	0.00240325927734375	0.004099854227405248	0.6540487212580788	340722
74	0.00240325927734375	0.003138950892857143	0.7543839517287534	338061
75	0.00240325927734375	0.004099854227405248	0.7129418612075873	434112
76	0.00240325927734375	0.003138950892857143	0.7403904235932837	311638
77	0.00240325927734375	0.0035873724489795924	0.8155496587366927	375582
78	0.00240325927734375	0.0035873724489795924	1.1376282223299645	416657
79	0.00240325927734375	0.004099854227405248	1.0000061291326416	297756
80	0.00240325927734375	0.00274658203125	0.38288381031244606	338399
81	0.00240325927734375	0.003138950892857143	0.6915548535926916	471898
82	0.00240325927734375	0.00468554768846314	0.9271215021000756	278586
83	0.00240325927734375	0.004099854227405248	0.762463197147101	380348
84	0.00240325927734375	0.004099854227405248	0.9835507363511913	430647
85	0.00240325927734375	0.003138950892857143	0.8566846926384754	367531
86	0.00240325927734375	0.003138950892857143	0.7551771313211623	305942
87	0.00240325927734375	0.004099854227405248	0.5954282982912226	452816
88	0.00240325927734375	0.00468554768846314	0.9686455471991121	286125
89	0.00240325927734375	0.0035873724489795924	1.0439553591412187	341779
90	0.00240325927734375	0.005354911643957874	0.5882051637578561	680857
91	0.00240325927734375	0.0035873724489795924	0.8918934608194791	323194
92	0.00240325927734375	0.0035873724489795924	0.6923368502348177	299757
93	0.00240325927734375	0.00468554768846314	0.9809489257412438	435262
94	0.00240325927734375	0.0035873724489795924	0.47989498236885464	365895
95	0.00240325927734375	0.00274658203125	0.6474111252776009	340555
96	0.00240325927734375	0.00274658203125	0.7465988367270189	385736
97	0.00240325927734375	0.0035873724489795924	0.8796700647700845	363927
98	0.00240325927734375	0.003138950892857143	0.493481545650313	331165
99	0.00240325927734375	0.004099854227405248	0.9942845169947756	500692
100	0.00240325927734375	0.003138950892857143	0.5848375233935021	317171
101	0.00240325927734375	0.0035873724489795924	0.9213813446723919	317072
102	0.00240325927734375	0.004099854227405248	0.36879448250521546	367390
103	0.00240325927734375	0.00468554768846314	1.2496197806852123	359598
104	0.00240325927734375	0.00468554768846314	0.9778859614403497	346508
105	0.00240325927734375	0.005354911643957874	0.9520371671990743	464854
106	0.00240325927734375	0.006119899021666142	1.0142599599093325	284791
107	0.00240325927734375	0.0035873724489795924	0.8882967220972579	353030
108	0.00240325927734375	0.00468554768846314	0.6908642302209882	408433
109	0.00240325927734375	0.00468554768846314	0.5615350858854704	342269
110	0.00240325927734375	0.00240325927734375	0.4321472194956394	326534
111	0.00240325927734375	0.00468554768846314	0.7679149601905179	341209
112	0.00240325927734375	0.003138950892857143	0.6288556659146406	316576
113	0.00240325927734375	0.0035873724489795924	0.5953033681844802	354818
114	0.00240325927734375	0.0035873724489795924	0.7382924252352308	446843
115	0.00240325927734375	0.003138950892857143	0.5862429475892403	327693
116	0.00240325927734375	0.003138950892857143	1.0300203076018934	375265
117	0.00240325927734375	0.004099854227405248	0.7477836847950751	541710
118	0.00240325927734375	0.003138950892857143	0.3949968548992396	341931
119	0.00240325927734375	0.003138950892857143	0.551532359870496	401217
120	0.00240325927734375	0.004099854227405248	0.6552457435622479	380404
121	0.00240325927734375	0.0035873724489795924	0.9878924393690075	427123
122	0.00240325927734375	0.003138950892857143	0.7391037230542011	348836
123	0.00240325927734375	0.004099854227405248	0.7176602883672526	465061
124	0.00240325927734375	0.005354911643957874	0.6486059469237553	316895
