0	0.00240325927734375	0.0035873724489795924	0.6363070388789299	357279
1	0.00240325927734375	0.00274658203125	0.7580118956197238	314069
2	0.00240325927734375	0.0035873724489795924	0.9343242858459938	376267
3	0.00240325927734375	0.004099854227405248	0.9721334678623623	364828
4	0.00240325927734375	0.0035873724489795924	0.8624069174244311	355777
5	0.00240325927734375	0.003138950892857143	0.5669664423045907	354571
6	0.00240325927734375	0.00468554768846314	0.7509362647001303	320018
7	0.00240325927734375	0.004099854227405248	0.749602235399442	360592
8	0.00240325927734375	0.0035873724489795924	0.9049004375970296	302285
9	0.00240325927734375	0.0035873724489795924	0.26942594390034946	357478
10	0.00240325927734375	0.004099854227405248	1.3168204449707734	364899
11	0.00240325927734375	0.005354911643957874	1.08392005081144	354307
12	0.00240325927734375	0.004099854227405248	0.6688323068437062	353517
13	0.00240325927734375	0.0035873724489795924	0.6939963973297963	266681
14	0.00240325927734375	0.003138950892857143	1.2137885178739194	324976
15	0.00240325927734375	0.004099854227405248	0.7435193124919239	336914
16	0.00240325927734375	0.003138950892857143	0.5035931623022096	305469
17	0.00240325927734375	0.00468554768846314	0.8586827731399579	366914
18	0.00240325927734375	0.003138950892857143	1.0277654788720454	346685
19	0.00240325927734375	0.004099854227405248	0.8809369451211266	339128
20	0.00240325927734375	0.003138950892857143	0.9523793878389633	328666
21	0.00240325927734375	0.003138950892857143	0.7625957261065338	314959
22	0.00240325927734375	0.0035873724489795924	0.8044059992625554	350107
23	0.00240325927734375	0.0035873724489795924	0.5746670623715742	352522
24	0.00240325927734375	0.0035873724489795924	0.7491792958577184	291371
25	0.00240325927734375	0.004099854227405248	1.0603473185323042	322088
26	0.00240325927734375	0.0035873724489795924	0.8453099908480738	348676
27	0.00240325927734375	0.0035873724489795924	1.1298329938592586	340791
28	0.00240325927734375	0.00468554768846314	0.9322496320358722	337663
29	0.00240325927734375	0.00468554768846314	1.0648547347144919	357527
30	0.00240325927734375	0.004099854227405248	0.6674234191451528	317181
31	0.00240325927734375	0.00274658203125	0.6150695573229844	347254
32	0.00240325927734375	0.0035873724489795924	0.67938808259247	287467
33	0.00240325927734375	0.005354911643957874	0.5757774426010136	329331
34	0.00240325927734375	0.003138950892857143	1.0425817076061001	250206
35	0.00240325927734375	0.00274658203125	0.8580688790753883	342799
36	0.00240325927734375	0.00468554768846314	1.0361121810411285	361894
37	0.00240325927734375	0.0035873724489795924	0.9021032094920507	316088
38	0.00240325927734375	0.00274658203125	0.6073575892486077	360435
39	0.00240325927734375	0.00274658203125	0.6298314151396802	330701
40	0.00240325927734375	0.003138950892857143	0.9319532630959346	308715
41	0.00240325927734375	0.00468554768846314	0.6084305264741027	346203
42	0.00240325927734375	0.003138950892857143	0.6030838907072111	330829
43	0.00240325927734375	0.003138950892857143	0.8549370782804216	320110
44	0.00240325927734375	0.004099854227405248	0.47989498236885453	256633
45	0.00240325927734375	0.00274658203125	0.37724082830877137	315713
46	0.00240325927734375	0.00274658203125	1.0631131241372447	324472
47	0.00240325927734375	0.004099854227405248	1.1936425379283384	371623
48	0.00240325927734375	0.005354911643957874	0.9265963181452732	366059
49	0.00240325927734375	0.00468554768846314	0.6724052979937339	328575
50	0.00240325927734375	0.00468554768846314	0.9513495726378419	348757
51	0.00240325927734375	0.00468554768846314	0.91501898596758	308889
52	0.00240325927734375	0.004099854227405248	0.6796361463493921	344461
53	0.00240325927734375	0.004099854227405248	0.67938808259247	332783
54	0.00240325927734375	0.005354911643957874	1.038076643869067	330430
55	0.00240325927734375	0.004099854227405248	0.9112184774578298	276746
56	0.00240325927734375	0.003138950892857143	0.6451327292467813	357052
57	0.00240325927734375	0.0035873724489795924	0.8685448948200387	295569
58	0.00240325927734375	0.0035873724489795924	0.47476898425025754	308409
59	0.00240325927734375	0.003138950892857143	0.973069809901741	322379
60	0.00240325927734375	0.003138950892857143	0.7405253874195731	319005
61	0.00240325927734375	0.00274658203125	0.3193425374706503	353626
62	0.00240325927734375	0.004099854227405248	0.9100092015701224	358599
63	0.00240325927734375	0.004099854227405248	0.978628817976084	336001
64	0.00240325927734375	0.005354911643957874	0.8586827731399579	361177
65	0.00240325927734375	0.0035873724489795924	0.7985669103003665	329827
66	0.00240325927734375	0.004099854227405248	0.4705143080389149	353113
67	0.00240325927734375	0.0035873724489795924	0.6675870071452594	311732
68	0.00240325927734375	0.0035873724489795924	1.0167929557473414	320354
69	0.00240325927734375	0.0035873724489795924	0.8852960976607447	327806
70	0.00240325927734375	0.004099854227405248	0.9709803642708478	355103
71	0.00240325927734375	0.004099854227405248	0.7275668085700445	365128
72	0.00240325927734375	0.004099854227405248	0.9677540508854479	335175
73	0.00240325927734375	0.00468554768846314	1.0578520181703739	355958
74	0.00240325927734375	0.003138950892857143	0.7116671446938323	355265
75	0.00240325927734375	0.00274658203125	0.5293184125067912	349656
76	0.00240325927734375	0.003138950892857143	1.0905889182308317	350807
77	0.00240325927734375	0.004099854227405248	0.6383876678838801	344211
78	0.00240325927734375	0.004099854227405248	0.6288556659146406	313161
79	0.00240325927734375	0.0035873724489795924	0.9649926749877809	382276
80	0.00240325927734375	0.00468554768846314	0.8048610475332676	290967
81	0.00240325927734375	0.00240325927734375	0.5499847848759808	364958
82	0.00240325927734375	0.00468554768846314	0.7754530080316797	358894
83	0.00240325927734375	0.004099854227405248	0.6147142051778058	345655
84	0.00240325927734375	0.00468554768846314	0.8405378503185871	336295
85	0.00240325927734375	0.005354911643957874	0.9573535064143714	366100
86	0.00240325927734375	0.00274658203125	0.6251295181977089	352329
87	0.00240325927734375	0.00240325927734375	0.4871952555222384	359709
88	0.00240325927734375	0.0035873724489795924	1.0870866693953627	324900
89	0.00240325927734375	0.0047831632653061226	0.875055096492328	365572
90	0.00240325927734375	0.00274658203125	0.36879448250521546	313013
91	0.00240325927734375	0.004099854227405248	1.2742261302982256	315573
92	0.00240325927734375	0.004099854227405248	0.9800587357377231	350779
93	0.00240325927734375	0.00240325927734375	0.26129515566389994	352686
94	0.00240325927734375	0.00240325927734375	0.8655694492313655	265068
95	0.00240325927734375	0.003138950892857143	0.9773379229498791	364846
96	0.00240325927734375	0.0035873724489795924	0.7850955772710624	340492
97	0.00240325927734375	0.0035873724489795924	0.8085128604002021	308044
98	0.00240325927734375	0.0035873724489795924	0.5316671508538642	307315
99	0.00240325927734375	0.004099854227405248	0.9024196828431963	240784
100	0.00240325927734375	0.0035873724489795924	0.7671398196578567	350831
101	0.00240325927734375	0.0035873724489795924	0.5700139698686549	321159
102	0.00240325927734375	0.0035873724489795924	0.7440758331832782	312715
103	0.00240325927734375	0.00274658203125	0.3185994521415336	346338
104	0.00240325927734375	0.003138950892857143	0.9989784966592827	360194
105	0.00240325927734375	0.00274658203125	0.9570416995134216	332117
106	0.00240325927734375	0.00274658203125	0.6162559286645557	328992
107	0.00240325927734375	0.003138950892857143	0.5874149872554738	364113
108	0.00240325927734375	0.00274658203125	0.6073575892486077	353066
109	0.00240325927734375	0.00468554768846314	0.7688922513275396	260398
110	0.00240325927734375	0.004099854227405248	1.177758684644394	331640
111	0.00240325927734375	0.00468554768846314	0.9172138528765781	309011
112	0.00240325927734375	0.003138950892857143	0.6724052979937339	366828
113	0.00240325927734375	0.004099854227405248	1.075331224387167	338705
114	0.00240325927734375	0.003138950892857143	0.3702963559559602	276661
115	0.00240325927734375	0.0035873724489795924	0.7260488631284274	338587
116	0.00240325927734375	0.003138950892857143	0.27942865957240903	320115
117	0.00240325927734375	0.00468554768846314	0.8566846926384754	319196
118	0.00240325927734375	0.0035873724489795924	1.1944743505183613	347376
119	0.00240325927734375	0.0035873724489795924	0.8614776149295835	326737
120	0.00240325927734375	0.006119899021666142	0.8991628336168439	301745
121	0.00240325927734375	0.0035873724489795924	0.3185994521415336	359010
122	0.00240325927734375	0.004099854227405248	0.8078284550002209	329458
123	0.00240325927734375	0.005354911643957874	1.0214596141053334	340481
124	0.00240325927734375	0.00468554768846314	0.9511006311964044	284342
