0	0.00240325927734375	0.004099854227405248	0.5826289272877523	248317
1	0.00240325927734375	0.004099854227405248	0.7776390064560588	248611
2	0.00240325927734375	0.0035873724489795924	0.3441138700103165	269948
3	0.00240325927734375	0.003138950892857143	0.9755418157437152	443936
4	0.00240325927734375	0.003138950892857143	0.9364476043136758	336836
5	0.00240325927734375	0.005354911643957874	0.9898030638998592	342794
6	0.00240325927734375	0.004099854227405248	0.8473167650042569	1349554
7	0.00240325927734375	0.003138950892857143	0.6724792311079365	438003
8	0.00240325927734375	0.003138950892857143	0.7054585070843513	706767
9	0.00240325927734375	0.0035873724489795924	0.4358605586643549	1886524
10	0.00240325927734375	0.00274658203125	0.6939963973297963	1793852
11	0.00240325927734375	0.00240325927734375	0.47476898425025754	1812540
12	0.00240325927734375	0.004099854227405248	0.9611407413009753	6105361
13	0.00240325927734375	0.0035873724489795924	1.1435517687846206	1736973
14	0.00240325927734375	0.004099854227405248	1.2264955802766075	1772433
15	0.00240325927734375	0.004099854227405248	0.799476530929319	2851198
16	0.00240325927734375	0.004099854227405248	0.5826289272877523	1806984
17	0.00240325927734375	0.00468554768846314	1.032886549606889	1995504
18	0.00240325927734375	0.004099854227405248	0.9271215021000756	4365726
19	0.00240325927734375	0.004099854227405248	0.4726765573913526	1639663
20	0.00240325927734375	0.0035873724489795924	1.0462588384389908	1917969
21	0.00240325927734375	0.00468554768846314	0.9311334739777354	4408192
22	0.00240325927734375	0.005354911643957874	0.9961321713020196	1560600
23	0.00240325927734375	0.004099854227405248	0.6834512404795346	1876884
24	0.00240325927734375	0.0035873724489795924	0.7189189844360439	4137138
25	0.00240325927734375	0.003138950892857143	0.7839682388186606	464400
26	0.00240325927734375	0.004099854227405248	0.551532359870496	372040
27	0.00240325927734375	0.00274658203125	0.6034688569297676	384293
28	0.00240325927734375	0.003138950892857143	1.0699386060475575	359930
29	0.00240325927734375	0.00274658203125	0.634529279441464	362498
30	0.00240325927734375	0.0035873724489795924	0.9234948073671841	366449
31	0.00240325927734375	0.003138950892857143	0.9501831460324801	362801
32	0.00240325927734375	0.0035873724489795924	0.5846438992057731	366816
33	0.00240325927734375	0.004099854227405248	0.41150289191529354	364594
34	0.00240325927734375	0.003138950892857143	0.7713976575292031	364710
35	0.00240325927734375	0.003138950892857143	0.8427797378712145	364383
36	0.00240325927734375	0.00468554768846314	1.0474334750718606	365398
37	0.00240325927734375	0.00274658203125	0.6577499012547644	360415
38	0.00240325927734375	0.006119899021666142	0.6486059469237553	365364
39	0.00240325927734375	0.00274658203125	0.6209507729687634	367627
40	0.00240325927734375	0.00468554768846314	0.7444844515535107	363780
41	0.00240325927734375	0.00240325927734375	0.5965766233672192	364206
42	0.00240325927734375	0.004099854227405248	0.8587705982742075	369278
43	0.00240325927734375	0.004099854227405248	0.8202256390527495	366941
44	0.00240325927734375	0.003138950892857143	0.6997073808099048	365601
45	0.00240325927734375	0.003138950892857143	0.4798413711438436	365410
46	0.00240325927734375	0.0035873724489795924	1.160009152574696	361962
47	0.00240325927734375	0.0035873724489795924	0.7782257060118252	363417
48	0.00240325927734375	0.004099854227405248	0.8227089221012288	371209
49	0.00240325927734375	0.005354911643957874	0.7579490566077594	361106
50	0.00240325927734375	0.004099854227405248	0.8477550894635646	366038
51	0.00240325927734375	0.004099854227405248	0.720740839852452	364124
52	0.00240325927734375	0.00274658203125	0.6576223988608134	359989
53	0.00240325927734375	0.00240325927734375	0.74166874369676	356006
54	0.00240325927734375	0.003138950892857143	0.58113542247912	359295
55	0.00240325927734375	0.004099854227405248	1.0394755753930618	351989
56	0.00240325927734375	0.0035873724489795924	1.1113880091907007	347511
57	0.00240325927734375	0.0035873724489795924	0.7509362647001303	350092
58	0.00240325927734375	0.004099854227405248	0.7860008303369361	354415
59	0.00240325927734375	0.003138950892857143	0.8334937294040963	351301
60	0.00240325927734375	0.004099854227405248	0.7861955926954431	357655
61	0.00240325927734375	0.00468554768846314	0.6745167800974325	346946
62	0.00240325927734375	0.004099854227405248	0.4711263834307338	346549
63	0.00240325927734375	0.003138950892857143	0.6283007684592643	373481
64	0.00240325927734375	0.004099854227405248	0.8158552632277734	352104
65	0.00240325927734375	0.003138950892857143	0.5898933704546431	350578
66	0.00240325927734375	0.004099854227405248	1.0910592624569664	360782
67	0.00240325927734375	0.003138950892857143	0.4216151515430648	350733
68	0.00240325927734375	0.00468554768846314	0.635782759994945	352221
69	0.00240325927734375	0.00274658203125	0.9640429656150804	353776
70	0.00240325927734375	0.00274658203125	0.779176448791454	352632
71	0.00240325927734375	0.005354911643957874	0.6926809265985516	355871
72	0.00240325927734375	0.004099854227405248	1.059014382226549	354572
73	0.00240325927734375	0.0035873724489795924	0.7108366841068481	348155
74	0.00240325927734375	0.004099854227405248	0.8367592916745693	366811
75	0.00240325927734375	0.004099854227405248	0.6674234191451528	351507
76	0.00240325927734375	0.00468554768846314	0.8297158704907285	376642
77	0.00240325927734375	0.004099854227405248	0.7720180866333154	377490
78	0.00240325927734375	0.004099854227405248	0.8758432910550742	352415
79	0.00240325927734375	0.00468554768846314	0.7454369515957597	356803
80	0.00240325927734375	0.00240325927734375	0.5902502818053489	351407
81	0.00240325927734375	0.003138950892857143	0.8348890438474144	351636
82	0.00240325927734375	0.0035873724489795924	1.0765848046346436	370814
83	0.00240325927734375	0.004099854227405248	0.9448140026099362	356807
84	0.00240325927734375	0.0035873724489795924	0.9129844600871718	348759
85	0.00240325927734375	0.00468554768846314	1.0658188391643817	354494
86	0.00240325927734375	0.0035873724489795924	0.8341910132101336	350351
87	0.00240325927734375	0.004099854227405248	1.05983192072312	351642
88	0.00240325927734375	0.003138950892857143	0.4858296718783282	350566
89	0.00240325927734375	0.003138950892857143	0.8515025926687014	353509
90	0.00240325927734375	0.005354911643957874	0.8100441126447798	350134
91	0.00240325927734375	0.006119899021666142	1.1997513976985728	354846
92	0.00240325927734375	0.004099854227405248	0.7930940460435698	351134
93	0.00240325927734375	0.0035873724489795924	0.4237339425775215	359968
94	0.00240325927734375	0.004099854227405248	0.9438708545070372	350295
95	0.00240325927734375	0.00274658203125	0.8227563271560385	351769
96	0.00240325927734375	0.004099854227405248	0.609014861572681	351703
97	0.00240325927734375	0.0035873724489795924	0.27942865957240903	353450
98	0.00240325927734375	0.00274658203125	0.5801892392138823	358453
99	0.00240325927734375	0.005354911643957874	0.8269318613769505	354716
100	0.00240325927734375	0.004185267857142856	0.6901763035950244	367111
101	0.00240325927734375	0.0035873724489795924	0.22858055408794858	349478
102	0.00240325927734375	0.00468554768846314	0.7288313822741609	350084
103	0.00240325927734375	0.004099854227405248	0.26942594390034946	349618
104	0.00240325927734375	0.004099854227405248	0.6770712723003275	349774
105	0.00240325927734375	0.00468554768846314	0.8742988426683123	352315
106	0.00240325927734375	0.004099854227405248	0.7102416530542501	351744
107	0.00240325927734375	0.003138950892857143	0.5105102843732272	348624
108	0.00240325927734375	0.003138950892857143	0.6796361463493921	361323
109	0.00240325927734375	0.0035873724489795924	1.048465116267145	352899
110	0.00240325927734375	0.004099854227405248	0.8022180405199142	358384
111	0.00240325927734375	0.0035873724489795924	0.36339977689689984	350554
112	0.00240325927734375	0.00274658203125	0.80014328877491	349081
113	0.00240325927734375	0.006119899021666142	0.9537791860719214	358954
114	0.00240325927734375	0.004099854227405248	0.8109285519905401	350978
115	0.00240325927734375	0.005354911643957874	1.217020604140481	368889
116	0.00240325927734375	0.0035873724489795924	0.740837906471948	353485
7	0.00240325927734375	0.0035873724489795924	1.200994082423155	457403
8	0.00240325927734375	0.0035873724489795924	0.8155496587366927	492183
9	0.00240325927734375	0.003138950892857143	0.6919013643453362	3539601
10	0.00240325927734375	0.00274658203125	0.9695984580403532	500330
11	0.00240325927734375	0.00468554768846314	0.85502324120733	429643
12	0.00240325927734375	0.0035873724489795924	1.0612933075960307	4301180
13	0.00240325927734375	0.003138950892857143	0.9709803642708478	1062596
14	0.00240325927734375	0.004099854227405248	0.5062039293537564	471674
