0	0.00240325927734375	0.0035873724489795924	0.7700448935310278	266448
1	0.00240325927734375	0.00274658203125	0.7638397460620443	252726
2	0.00240325927734375	0.004099854227405248	0.5862429475892403	256514
3	0.00240325927734375	0.003138950892857143	0.9811594974472377	491878
4	0.00240325927734375	0.0035873724489795924	0.9100440850410473	290229
5	0.00240325927734375	0.0035873724489795924	0.968916231681962	310200
6	0.00240325927734375	0.00468554768846314	1.2116637165637394	1164541
7	0.00240325927734375	0.0035873724489795924	1.011950277416587	446421
8	0.00240325927734375	0.0035873724489795924	1.0669337318777454	557061
9	0.00240325927734375	0.0035873724489795924	0.7782257060118252	2715528
10	0.00240325927734375	0.003138950892857143	0.6535496880590731	1889996
11	0.00240325927734375	0.0035873724489795924	0.8671612380315802	1703088
12	0.00240325927734375	0.004099854227405248	0.9007191163429749	4600283
13	0.00240325927734375	0.0047831632653061226	0.8386827194137613	1760366
14	0.00240325927734375	0.00468554768846314	0.7763992546488784	1805962
15	0.00240325927734375	0.0035873724489795924	0.91501898596758	4322502
16	0.00240325927734375	0.005354911643957874	0.573962807042313	1895460
17	0.00240325927734375	0.00468554768846314	1.0111578868943145	1893917
18	0.00240325927734375	0.004099854227405248	0.8569716041608297	4293369
19	0.00240325927734375	0.004099854227405248	0.4722614008248937	1881578
20	0.00240325927734375	0.00468554768846314	0.9935785258639437	1978073
21	0.00240325927734375	0.004099854227405248	0.78754854553412	4718562
22	0.00240325927734375	0.0035873724489795924	0.46305187616615934	1851223
23	0.00240325927734375	0.00274658203125	0.9516720231462139	1136741
24	0.00240325927734375	0.0035873724489795924	0.6923368502348177	3039569
25	0.00240325927734375	0.004099854227405248	1.0085320806574947	1056537
26	0.00240325927734375	0.0035873724489795924	0.623773332699904	351828
27	0.00240325927734375	0.0035873724489795924	0.9379736588833371	363897
28	0.00240325927734375	0.005354911643957874	0.9233127614206286	343765
29	0.00240325927734375	0.0035873724489795924	0.8794888985780024	344752
30	0.00240325927734375	0.00468554768846314	1.1377413422635687	348246
31	0.00240325927734375	0.006247396917950854	1.0495427856869841	339561
32	0.00240325927734375	0.003138950892857143	0.7000351443569359	340688
33	0.00240325927734375	0.0035873724489795924	0.6910228171134865	349007
34	0.00240325927734375	0.003138950892857143	0.3527599326579586	340658
35	0.00240325927734375	0.004099854227405248	0.7102416530542501	337938
36	0.00240325927734375	0.00468554768846314	1.0019663882782517	344697
37	0.00240325927734375	0.00468554768846314	0.7671398196578567	339593
38	0.00240325927734375	0.0035873724489795924	0.5277457326021664	341918
39	0.00240325927734375	0.00274658203125	0.4705143080389149	346316
40	0.00240325927734375	0.005466472303206997	0.9413368734738445	341382
41	0.00240325927734375	0.0035873724489795924	0.32335263409066817	345465
42	0.00240325927734375	0.003138950892857143	0.47459189989497363	347661
43	0.00240325927734375	0.00468554768846314	1.1829688296728826	343501
44	0.00240325927734375	0.004099854227405248	0.8517829819693437	342068
45	0.00240325927734375	0.003138950892857143	0.6997073808099048	345805
46	0.00240325927734375	0.004099854227405248	1.0342210535751517	343122
47	0.00240325927734375	0.003138950892857143	0.7953018623005227	340943
48	0.00240325927734375	0.0035873724489795924	0.5367126567672513	344976
49	0.00240325927734375	0.0035873724489795924	0.6346335424485795	342615
50	0.00240325927734375	0.00240325927734375	0.44421749349124495	343952
51	0.00240325927734375	0.005354911643957874	0.9132411225212023	343245
52	0.00240325927734375	0.0035873724489795924	0.6675870071452594	344935
53	0.00240325927734375	0.00468554768846314	0.26942594390034946	343698
54	0.00240325927734375	0.0035873724489795924	0.8717328435244468	342047
55	0.00240325927734375	0.00274658203125	0.6415565101277999	335422
56	0.00240325927734375	0.004099854227405248	0.6328168484142378	354370
57	0.00240325927734375	0.00468554768846314	0.5438975860571336	363892
58	0.00240325927734375	0.0035873724489795924	0.684804007684932	341067
59	0.00240325927734375	0.0035873724489795924	0.619142256693538	369425
60	0.00240325927734375	0.0035873724489795924	1.1086223405000672	345969
61	0.00240325927734375	0.004099854227405248	0.6676562377399188	348358
62	0.00240325927734375	0.0035873724489795924	0.7682562996448801	351596
63	0.00240325927734375	0.004099854227405248	0.9579620269097688	352868
64	0.00240325927734375	0.0035873724489795924	0.9673875442234835	353108
65	0.00240325927734375	0.00274658203125	0.5898933704546431	348811
66	0.00240325927734375	0.005354911643957874	1.356231035900163	355370
67	0.00240325927734375	0.0035873724489795924	0.9369309312678383	366582
68	0.00240325927734375	0.004099854227405248	1.067621394545556	350607
69	0.00240325927734375	0.00468554768846314	0.8833753857303294	340290
70	0.00240325927734375	0.004099854227405248	1.1533407734403076	335487
71	0.00240325927734375	0.00468554768846314	1.005068643457635	348719
72	0.00240325927734375	0.00468554768846314	0.9161586214313273	341394
73	0.00240325927734375	0.00468554768846314	0.9702371447062412	351380
74	0.00240325927734375	0.003138950892857143	0.6834080365515345	348873
75	0.00240325927734375	0.00468554768846314	0.7961475912266676	349182
76	0.00240325927734375	0.00468554768846314	1.0875053426674226	344525
77	0.00240325927734375	0.004099854227405248	1.064889514302121	351405
78	0.00240325927734375	0.004099854227405248	0.6930496255740798	346568
79	0.00240325927734375	0.004099854227405248	0.8710438557887885	342255
80	0.00240325927734375	0.0035873724489795924	0.5988624626688432	342949
81	0.00240325927734375	0.0035873724489795924	0.768309910869891	372459
82	0.00240325927734375	0.004099854227405248	1.0188155511839232	347649
83	0.00240325927734375	0.003138950892857143	1.1397461474098327	382164
84	0.00240325927734375	0.004099854227405248	1.0364705309152868	360494
85	0.00240325927734375	0.00468554768846314	0.6348663589710202	346813
86	0.00240325927734375	0.0035873724489795924	0.8379991176504022	347795
87	0.00240325927734375	0.00468554768846314	0.7678701468856888	339082
88	0.00240325927734375	0.0035873724489795924	1.1611991771750945	348703
89	0.00240325927734375	0.003138950892857143	0.7876462728344846	343164
90	0.00240325927734375	0.00274658203125	0.613645161613009	367037
91	0.00240325927734375	0.00468554768846314	0.8014115930310632	347529
92	0.00240325927734375	0.00274658203125	0.8616758384294778	382939
93	0.00240325927734375	0.00468554768846314	0.6084305264741027	367011
94	0.00240325927734375	0.004099854227405248	0.5757774426010136	382362
95	0.00240325927734375	0.003138950892857143	0.4711263834307338	384341
96	0.00240325927734375	0.0035873724489795924	0.9254121812440144	358438
97	0.00240325927734375	0.004099854227405248	0.7275668085700445	354304
98	0.00240325927734375	0.00274658203125	0.7495075727986249	345303
99	0.00240325927734375	0.006119899021666142	0.9439570890009745	366005
100	0.00240325927734375	0.00274658203125	0.7586123397915441	348588
101	0.00240325927734375	0.004099854227405248	0.9253874576323591	347111
102	0.00240325927734375	0.0035873724489795924	0.36509256641028376	339558
103	0.00240325927734375	0.0035873724489795924	0.6901763035950244	382179
104	0.00240325927734375	0.004099854227405248	0.6973757709027594	345599
105	0.00240325927734375	0.003138950892857143	0.7545799596922109	359753
106	0.00240325927734375	0.003138950892857143	0.6182969738793239	350463
107	0.00240325927734375	0.003138950892857143	0.5650910707720596	336587
108	0.00240325927734375	0.004099854227405248	0.47459189989497363	340704
109	0.00240325927734375	0.004099854227405248	0.7506463086289268	347855
110	0.00240325927734375	0.003138950892857143	0.7428955824473233	338647
111	0.00240325927734375	0.0035873724489795924	0.9358887772367793	342314
112	0.00240325927734375	0.005354911643957874	0.6486059469237553	343478
113	0.00240325927734375	0.003138950892857143	0.5604910948987741	351755
114	0.00240325927734375	0.003138950892857143	0.5650910707720596	348601
115	0.00240325927734375	0.005354911643957874	0.9737484416193724	348026
116	0.00240325927734375	0.00468554768846314	0.9938951550505275	338878
117	0.00240325927734375	0.003138950892857143	0.6286783229102727	360649
118	0.00240325927734375	0.004099854227405248	1.0602240141618837	353838
1	0.00240325927734375	0.00274658203125	0.26129515566389994	389725
2	0.00240325927734375	0.0035873724489795924	0.8668544042569684	669501
3	0.00240325927734375	0.0035873724489795924	0.2207872834051713	3443253
4	0.00240325927734375	0.00240325927734375	0.623773332699904	631804
5	0.00240325927734375	0.003138950892857143	0.597469793671439	958741
6	0.00240325927734375	0.003138950892857143	0.82322681526833	3322157
