0	0.00240325927734375	0.00468554768846314	0.5438455811244645	354914
1	0.00240325927734375	0.005354911643957874	1.214417941808965	308701
2	0.00240325927734375	0.004099854227405248	0.7185472165735766	328444
3	0.00240325927734375	0.004099854227405248	0.938135133664082	461406
4	0.00240325927734375	0.004099854227405248	0.9968260804527335	347928
5	0.00240325927734375	0.00274658203125	0.6034688569297676	403944
6	0.00240325927734375	0.005354911643957874	0.7910998227613809	547161
7	0.00240325927734375	0.0035873724489795924	0.870054230103996	478121
8	0.00240325927734375	0.0035873724489795924	0.8933324984997155	381810
9	0.00240325927734375	0.0035873724489795924	0.7444844515535107	513428
10	0.00240325927734375	0.00274658203125	0.554445230212033	373783
11	0.00240325927734375	0.0035873724489795924	0.9193387822527832	544737
12	0.00240325927734375	0.00274658203125	1.012088671129976	674391
13	0.00240325927734375	0.003138950892857143	0.7747324653297196	401812
14	0.00240325927734375	0.0035873724489795924	0.7100300800441012	488970
15	0.00240325927734375	0.0035873724489795924	0.8895097723613143	694780
16	0.00240325927734375	0.004099854227405248	0.9630518577820364	402312
17	0.00240325927734375	0.00240325927734375	0.9601410667079238	412058
18	0.00240325927734375	0.0035873724489795924	0.8739229458631526	814393
19	0.00240325927734375	0.00468554768846314	1.0854826770959107	394274
20	0.00240325927734375	0.0035873724489795924	1.1623487531669658	389521
21	0.00240325927734375	0.006119899021666142	1.1640633287779876	1013320
22	0.00240325927734375	0.006119899021666142	0.8955173298012314	411102
23	0.00240325927734375	0.0035873724489795924	0.8006698763828854	534239
24	0.00240325927734375	0.005354911643957874	0.9428155554601695	959441
25	0.00240325927734375	0.00468554768846314	0.3527599326579586	429242
26	0.00240325927734375	0.005354911643957874	1.3251725142476531	524245
27	0.00240325927734375	0.006119899021666142	0.7574972202614769	834436
28	0.00240325927734375	0.00468554768846314	0.8007718909201735	459047
29	0.00240325927734375	0.003138950892857143	0.6303083534375218	553246
30	0.00240325927734375	0.00468554768846314	0.749090449821767	453146
31	0.00240325927734375	0.00468554768846314	0.8148327828200399	441599
32	0.00240325927734375	0.003138950892857143	0.9629134713820979	473906
33	0.00240325927734375	0.0035873724489795924	0.8086369388465134	445523
34	0.00240325927734375	0.0035873724489795924	1.0860646401356968	366987
35	0.00240325927734375	0.005354911643957874	0.9492939939935165	402769
36	0.00240325927734375	0.004099854227405248	0.7988592251893909	589079
37	0.00240325927734375	0.003138950892857143	0.6745167800974325	435199
38	0.00240325927734375	0.0035873724489795924	0.7678701468856888	565977
39	0.00240325927734375	0.003138950892857143	0.6868088797185117	800246
40	0.00240325927734375	0.00468554768846314	0.7219884254586373	468414
41	0.00240325927734375	0.004099854227405248	0.9321018713597573	601862
42	0.00240325927734375	0.004099854227405248	0.7892524417489257	580939
43	0.00240325927734375	0.004099854227405248	0.6283007684592643	389456
44	0.00240325927734375	0.0035873724489795924	0.9025419497763941	588634
45	0.00240325927734375	0.005354911643957874	0.7176602883672526	721687
46	0.00240325927734375	0.004099854227405248	0.8202256390527495	338709
47	0.00240325927734375	0.003138950892857143	1.1168201805894897	548310
48	0.00240325927734375	0.00274658203125	0.9545508196891888	478800
49	0.00240325927734375	0.0035873724489795924	1.0454634016657791	376697
50	0.00240325927734375	0.004099854227405248	0.9286444656123807	351893
51	0.00240325927734375	0.003138950892857143	0.4216151515430648	456829
52	0.00240325927734375	0.003138950892857143	0.5738630213636511	359000
53	0.00240325927734375	0.003138950892857143	0.8103584664321682	417871
54	0.00240325927734375	0.005354911643957874	1.0776832440020596	605725
55	0.00240325927734375	0.003138950892857143	0.9508303228620477	373775
56	0.00240325927734375	0.004099854227405248	0.6328168484142378	477712
57	0.00240325927734375	0.003138950892857143	0.7713976575292031	622747
58	0.00240325927734375	0.005354911643957874	0.7528811701837897	422537
59	0.00240325927734375	0.00468554768846314	0.9973820322231868	506222
60	0.00240325927734375	0.0035873724489795924	0.9116467167693133	542629
61	0.00240325927734375	0.0035873724489795924	0.6915548535926916	450369
62	0.00240325927734375	0.005354911643957874	0.7948602392183894	489889
63	0.00240325927734375	0.0035873724489795924	0.5873657943135415	599907
64	0.00240325927734375	0.003138950892857143	0.6286783229102727	401026
65	0.00240325927734375	0.003138950892857143	0.985587546026364	393331
66	0.00240325927734375	0.003138950892857143	0.6604462671181335	538876
67	0.00240325927734375	0.0035873724489795924	0.9403824841077493	376283
68	0.00240325927734375	0.0035873724489795924	0.7187796795659129	416165
69	0.00240325927734375	0.004099854227405248	0.6922948885328926	540712
70	0.00240325927734375	0.00274658203125	0.46765791709578064	508406
71	0.00240325927734375	0.00468554768846314	1.140885498417399	515172
72	0.00240325927734375	0.00468554768846314	0.7754530080316797	659602
73	0.00240325927734375	0.005354911643957874	0.641921615407157	498088
74	0.00240325927734375	0.004099854227405248	0.6328168484142378	519702
75	0.00240325927734375	0.003138950892857143	0.6011893097203033	735514
76	0.00240325927734375	0.005354911643957874	0.6486059469237553	381669
77	0.00240325927734375	0.0035873724489795924	0.7161452938815767	406742
78	0.00240325927734375	0.00240325927734375	0.6212035864446026	476569
79	0.00240325927734375	0.0035873724489795924	0.6524579045988155	401563
80	0.00240325927734375	0.003138950892857143	0.32335263409066817	396019
81	0.00240325927734375	0.003138950892857143	0.6201089107861215	419764
82	0.00240325927734375	0.00274658203125	0.8222224767044702	432027
83	0.00240325927734375	0.00468554768846314	1.1132882391827537	379283
84	0.00240325927734375	0.003138950892857143	0.7566868763189217	593698
85	0.00240325927734375	0.0035873724489795924	1.0143867639956357	418867
86	0.00240325927734375	0.00468554768846314	0.8713878989066132	440552
87	0.00240325927734375	0.00468554768846314	0.9787040734742091	685471
88	0.00240325927734375	0.003138950892857143	0.6286783229102727	417339
89	0.00240325927734375	0.0035873724489795924	0.6992772025339697	529903
90	0.00240325927734375	0.004099854227405248	0.707570552947323	578036
91	0.00240325927734375	0.003138950892857143	0.5988624626688432	453550
92	0.00240325927734375	0.0035873724489795924	0.7948602392183894	509428
93	0.00240325927734375	0.006119899021666142	0.5615350858854704	338120
94	0.00240325927734375	0.0035873724489795924	0.9649926749877809	322476
95	0.00240325927734375	0.003138950892857143	0.8427797378712145	314428
96	0.00240325927734375	0.004099854227405248	1.1648830073924206	314801
97	0.00240325927734375	0.0035873724489795924	0.7332331341776858	313181
98	0.00240325927734375	0.0035873724489795924	0.7688922513275396	310341
99	0.00240325927734375	0.0035873724489795924	0.8227492384114349	317973
100	0.00240325927734375	0.003138950892857143	0.78754854553412	309769
101	0.00240325927734375	0.00468554768846314	0.6451327292467813	313578
102	0.00240325927734375	0.004099854227405248	0.916280272232852	324086
103	0.00240325927734375	0.005354911643957874	0.979848976352885	314176
104	0.00240325927734375	0.004099854227405248	0.8367592916745693	308000
105	0.00240325927734375	0.00468554768846314	0.8878242152765533	324455
106	0.00240325927734375	0.00468554768846314	0.8793176514714681	319352
107	0.00240325927734375	0.004099854227405248	0.5988624626688432	308554
108	0.00240325927734375	0.003138950892857143	0.7078539666717585	318293
109	0.00240325927734375	0.00468554768846314	1.0482095131307405	317485
110	0.00240325927734375	0.00468554768846314	0.7263119716645767	311784
111	0.00240325927734375	0.004099854227405248	0.87790772641092	315748
112	0.00240325927734375	0.005354911643957874	0.9414833136443435	310300
113	0.00240325927734375	0.005354911643957874	0.979848976352885	313073
114	0.00240325927734375	0.005354911643957874	1.0765387789513725	319319
115	0.00240325927734375	0.003138950892857143	0.5126095839448059	316206
116	0.00240325927734375	0.004099854227405248	1.1863080647735949	312314
117	0.00240325927734375	0.00240325927734375	0.6997073808099048	325429
118	0.00240325927734375	0.0035873724489795924	0.9392033472662221	314285
119	0.00240325927734375	0.004099854227405248	0.7961510226531423	310352
120	0.00240325927734375	0.00468554768846314	0.8919325705712464	331526
121	0.00240325927734375	0.003138950892857143	0.7705533893840184	311690
122	0.00240325927734375	0.00468554768846314	0.9217306513724774	313017
123	0.00240325927734375	0.00468554768846314	0.9947828763638035	330394
124	0.00240325927734375	0.00468554768846314	0.7818964741513493	326345
