0	0.00240325927734375	0.004099854227405248	0.8235301377359273	275988
1	0.00240325927734375	0.0035873724489795924	0.8524933979883523	267319
2	0.00240325927734375	0.00468554768846314	0.9580234294685747	259964
3	0.00240325927734375	0.005354911643957874	1.0656493506742137	284721
4	0.00240325927734375	0.003138950892857143	0.5192845589394408	296125
5	0.00240325927734375	0.004099854227405248	0.6894777533848117	296238
6	0.00240325927734375	0.00468554768846314	0.9109107905944889	295849
7	0.00240325927734375	0.003138950892857143	0.7818921512144483	281409
8	0.00240325927734375	0.004099854227405248	0.8011054648787022	318132
9	0.00240325927734375	0.003138950892857143	0.5463221147242449	411955
10	0.00240325927734375	0.005354911643957874	0.6648552371156095	301982
11	0.00240325927734375	0.004099854227405248	1.138377262209258	338520
12	0.00240325927734375	0.003138950892857143	0.5384231794997104	509169
13	0.00240325927734375	0.00468554768846314	0.7279836629288158	300193
14	0.00240325927734375	0.0035873724489795924	0.7252167807995664	297301
15	0.00240325927734375	0.00274658203125	0.5408150808620928	507463
16	0.00240325927734375	0.0035873724489795924	0.9466145626354165	287251
17	0.00240325927734375	0.006247396917950854	1.146907766668334	357106
18	0.00240325927734375	0.003138950892857143	0.776046008493364	477381
19	0.00240325927734375	0.003138950892857143	0.5738630213636511	368885
20	0.00240325927734375	0.00274658203125	0.46105833933866197	333488
21	0.00240325927734375	0.0035873724489795924	1.1469514776803922	588839
22	0.00240325927734375	0.004099854227405248	0.5954285011384068	294472
23	0.00240325927734375	0.00274658203125	0.7720180866333154	378001
24	0.00240325927734375	0.004099854227405248	0.6796361463493921	682501
25	0.00240325927734375	0.0035873724489795924	0.6926145932744388	270253
26	0.00240325927734375	0.005354911643957874	0.6346335424485795	389020
27	0.00240325927734375	0.004099854227405248	0.7022014087356845	396778
28	0.00240325927734375	0.00274658203125	0.5532186937833052	271112
29	0.00240325927734375	0.0035873724489795924	0.6675870071452594	332769
30	0.00240325927734375	0.00240325927734375	0.788408151226556	341671
31	0.00240325927734375	0.0035873724489795924	0.5712260593395756	307722
32	0.00240325927734375	0.003138950892857143	1.1423253269840092	288006
33	0.00240325927734375	0.00468554768846314	1.144001974033788	311398
34	0.00240325927734375	0.00274658203125	0.36339977689689984	335428
35	0.00240325927734375	0.004099854227405248	0.5945882147588508	350241
36	0.00240325927734375	0.00240325927734375	0.6872065200411286	457985
37	0.00240325927734375	0.004099854227405248	0.6703527873209254	317357
38	0.00240325927734375	0.003138950892857143	1.0563551575808692	376718
39	0.00240325927734375	0.004099854227405248	0.775286683250948	314821
40	0.00240325927734375	0.004099854227405248	1.1327970979482698	295472
41	0.00240325927734375	0.005354911643957874	0.8427797378712145	282944
42	0.00240325927734375	0.003138950892857143	0.7071598277099005	518812
43	0.00240325927734375	0.00274658203125	0.554445230212033	316871
44	0.00240325927734375	0.003138950892857143	0.9049004375970296	330953
45	0.00240325927734375	0.004099854227405248	0.8536001268628682	493011
46	0.00240325927734375	0.00274658203125	0.36509256641028376	338797
47	0.00240325927734375	0.0035873724489795924	1.0211426670614514	349230
48	0.00240325927734375	0.00468554768846314	0.6348663589710202	469748
49	0.00240325927734375	0.00468554768846314	0.6806215359510435	269921
50	0.00240325927734375	0.00274658203125	0.3193425374706503	287629
51	0.00240325927734375	0.003138950892857143	0.521693252333397	464691
52	0.00240325927734375	0.003138950892857143	0.8121768541486541	299070
53	0.00240325927734375	0.0035873724489795924	0.922736137570598	341491
54	0.00240325927734375	0.004099854227405248	0.8807145110946748	452881
55	0.00240325927734375	0.00274658203125	0.8583437412853249	279431
56	0.00240325927734375	0.00468554768846314	0.8630719965861138	336314
57	0.00240325927734375	0.0035873724489795924	0.751670006064925	443616
58	0.00240325927734375	0.00274658203125	0.8012728503929332	360940
59	0.00240325927734375	0.00274658203125	0.7352289912611724	333051
60	0.00240325927734375	0.00468554768846314	1.1560909681501028	333624
61	0.00240325927734375	0.004099854227405248	0.7528811701837897	282429
62	0.00240325927734375	0.0035873724489795924	0.798870033592171	348171
63	0.00240325927734375	0.005354911643957874	0.8991628336168439	448623
64	0.00240325927734375	0.004099854227405248	0.9332788145791293	297936
65	0.00240325927734375	0.00468554768846314	0.6648552371156095	368043
66	0.00240325927734375	0.003138950892857143	0.5669664423045907	493618
67	0.00240325927734375	0.0035873724489795924	1.0799907629988466	272058
68	0.00240325927734375	0.0035873724489795924	0.9497455031252743	295975
69	0.00240325927734375	0.004099854227405248	0.8699353445379061	358140
70	0.00240325927734375	0.004099854227405248	0.7763016645344903	350896
71	0.00240325927734375	0.004099854227405248	0.3820828136324923	339053
72	0.00240325927734375	0.006119899021666142	0.9772881494754131	359234
73	0.00240325927734375	0.0047831632653061226	0.8517829819693437	338503
74	0.00240325927734375	0.0035873724489795924	1.0382168632690036	360953
75	0.00240325927734375	0.005354911643957874	1.0268235428447625	376218
76	0.00240325927734375	0.00468554768846314	0.8313289556153272	294786
77	0.00240325927734375	0.004099854227405248	0.7410418219439634	365920
78	0.00240325927734375	0.003138950892857143	0.6431557109813357	408783
79	0.00240325927734375	0.004099854227405248	0.7164800807965885	297185
80	0.00240325927734375	0.00274658203125	0.7586123397915441	368678
81	0.00240325927734375	0.004099854227405248	1.0546646134267752	376519
82	0.00240325927734375	0.00274658203125	0.8883192861557898	346173
83	0.00240325927734375	0.003138950892857143	0.82322681526833	401972
84	0.00240325927734375	0.00468554768846314	0.8595464587295538	381078
85	0.00240325927734375	0.004099854227405248	0.9812411593778849	296515
86	0.00240325927734375	0.0035873724489795924	0.8473167650042569	297494
87	0.00240325927734375	0.00274658203125	0.7097705947614472	457746
88	0.00240325927734375	0.003138950892857143	1.0606344052683547	322694
89	0.00240325927734375	0.00274658203125	0.6675066333863985	336409
90	0.00240325927734375	0.004099854227405248	0.9032767126928167	357102
91	0.00240325927734375	0.004099854227405248	0.5229092028783412	317867
92	0.00240325927734375	0.003138950892857143	0.6705883535104707	369611
93	0.00240325927734375	0.00468554768846314	0.9928376930848969	528211
94	0.00240325927734375	0.0035873724489795924	0.44310970425036134	325245
95	0.00240325927734375	0.00468554768846314	0.7252167807995664	292046
96	0.00240325927734375	0.00274658203125	0.8064057394022315	388826
97	0.00240325927734375	0.0035873724489795924	0.6875862849499039	289193
98	0.00240325927734375	0.004099854227405248	0.5656172268516562	285690
99	0.00240325927734375	0.00274658203125	0.7875627101887046	577471
100	0.00240325927734375	0.00274658203125	0.863739493089707	326299
101	0.00240325927734375	0.003138950892857143	0.4858296718783282	363083
102	0.00240325927734375	0.003138950892857143	0.7022014087356845	402714
103	0.00240325927734375	0.00274658203125	0.6048818518042537	320777
104	0.00240325927734375	0.00274658203125	0.8250249674569122	295268
105	0.00240325927734375	0.003138950892857143	0.5532186937833052	452055
106	0.00240325927734375	0.00468554768846314	0.870054230103996	323807
107	0.00240325927734375	0.004099854227405248	0.5192845589394408	296360
108	0.00240325927734375	0.003138950892857143	0.5309027769921314	504185
109	0.00240325927734375	0.0035873724489795924	0.4674725881231375	348995
110	0.00240325927734375	0.003138950892857143	0.902727207843654	326816
111	0.00240325927734375	0.0035873724489795924	0.8427144460378673	495103
112	0.00240325927734375	0.00468554768846314	0.8692826104380562	286263
113	0.00240325927734375	0.004099854227405248	0.6342688642426048	312511
114	0.00240325927734375	0.005354911643957874	0.7484306679118492	433198
115	0.00240325927734375	0.003138950892857143	0.5698244378957862	337735
116	0.00240325927734375	0.004099854227405248	0.9560019356462957	369092
117	0.00240325927734375	0.003138950892857143	0.7362608247530769	518545
118	0.00240325927734375	0.00240325927734375	0.9576412050628095	277230
119	0.00240325927734375	0.00468554768846314	0.8895097723613143	284717
120	0.00240325927734375	0.005354911643957874	1.0526980810085758	363224
121	0.00240325927734375	0.00274658203125	0.7033499019045232	306700
122	0.00240325927734375	0.005354911643957874	0.8864979190427223	341728
123	0.00240325927734375	0.0035873724489795924	0.8007718909201735	453304
124	0.00240325927734375	0.004099854227405248	0.7747927247472665	288881
