0	0.00240325927734375	0.00274658203125	1.037331247179354	264823
1	0.00240325927734375	0.0035873724489795924	0.9210890418561316	247046
2	0.00240325927734375	0.005354911643957874	0.573962807042313	264472
3	0.00240325927734375	0.00468554768846314	1.0511091762996465	295149
4	0.00240325927734375	0.004099854227405248	0.6654049710553581	307038
5	0.00240325927734375	0.005354911643957874	1.061038517457392	319355
6	0.00240325927734375	0.0035873724489795924	0.7508378704341407	341402
7	0.00240325927734375	0.0035873724489795924	0.6233057228667523	303307
8	0.00240325927734375	0.00468554768846314	1.0285959987872222	386872
9	0.00240325927734375	0.0035873724489795924	0.8978032354832114	421944
10	0.00240325927734375	0.0035873724489795924	0.7850955772710624	365373
11	0.00240325927734375	0.00468554768846314	0.973069809901741	329976
12	0.00240325927734375	0.00468554768846314	1.2053823716351042	449529
13	0.00240325927734375	0.004099854227405248	0.8610859651842808	354504
14	0.00240325927734375	0.0035873724489795924	0.6128421852987456	313745
15	0.00240325927734375	0.0035873724489795924	0.47459189989497363	457170
16	0.00240325927734375	0.004099854227405248	0.5229092028783412	357002
17	0.00240325927734375	0.005354911643957874	0.6486059469237553	380475
18	0.00240325927734375	0.003138950892857143	0.5829177920490666	654302
19	0.00240325927734375	0.004099854227405248	0.7327277385604152	339762
20	0.00240325927734375	0.003138950892857143	0.7388696597142854	416123
21	0.00240325927734375	0.0035873724489795924	0.9039961363781552	505162
22	0.00240325927734375	0.004099854227405248	0.9748641262785795	349651
23	0.00240325927734375	0.0035873724489795924	0.6483144077034084	467291
24	0.00240325927734375	0.0035873724489795924	0.5293184125067912	495485
25	0.00240325927734375	0.00274658203125	1.104834875674603	382321
26	0.00240325927734375	0.003138950892857143	0.8834283373840525	376278
27	0.00240325927734375	0.00240325927734375	0.3441138700103165	477012
28	0.00240325927734375	0.00468554768846314	1.1090259821946449	296804
29	0.00240325927734375	0.00274658203125	0.8904555763252391	410923
30	0.00240325927734375	0.005354911643957874	0.5592582483653494	371602
31	0.00240325927734375	0.004099854227405248	0.8195832568849986	335515
32	0.00240325927734375	0.00274658203125	0.684804007684932	392029
33	0.00240325927734375	0.00468554768846314	0.6067701353765611	390732
34	0.00240325927734375	0.005354911643957874	1.1132112910588494	366131
35	0.00240325927734375	0.0035873724489795924	1.0862201591123828	364658
36	0.00240325927734375	0.0035873724489795924	1.0102681585212627	380125
37	0.00240325927734375	0.004099854227405248	0.635782759994945	335130
38	0.00240325927734375	0.005354911643957874	0.573962807042313	311936
39	0.00240325927734375	0.005354911643957874	0.6806215359510435	397480
40	0.00240325927734375	0.005354911643957874	0.9511027832691287	355593
41	0.00240325927734375	0.00240325927734375	0.5499847848759808	353101
42	0.00240325927734375	0.00240325927734375	0.3193425374706503	441895
43	0.00240325927734375	0.0035873724489795924	0.626593298130014	413816
44	0.00240325927734375	0.00274658203125	0.7834547475592385	341250
45	0.00240325927734375	0.0035873724489795924	0.8626055011105698	433992
46	0.00240325927734375	0.004099854227405248	0.4986239590348064	319312
47	0.00240325927734375	0.0035873724489795924	1.0908566367807804	290322
48	0.00240325927734375	0.003138950892857143	0.782937799217374	424906
49	0.00240325927734375	0.00468554768846314	0.9553110795261196	336761
50	0.00240325927734375	0.0035873724489795924	0.5957011110120926	340337
51	0.00240325927734375	0.00468554768846314	0.7630068283960101	479504
52	0.00240325927734375	0.00468554768846314	0.9172138528765781	333928
53	0.00240325927734375	0.00274658203125	1.112273569183355	321622
54	0.00240325927734375	0.003138950892857143	1.039160681105935	512513
55	0.00240325927734375	0.0035873724489795924	0.9136479524391735	366509
56	0.00240325927734375	0.0035873724489795924	0.7706541293778734	347032
57	0.00240325927734375	0.0035873724489795924	0.7805586304341987	327133
58	0.00240325927734375	0.004099854227405248	1.1794464761374834	310933
59	0.00240325927734375	0.004099854227405248	0.9752605596681407	379974
60	0.00240325927734375	0.003138950892857143	0.7314541204626409	522979
61	0.00240325927734375	0.0035873724489795924	1.1037408848943377	323361
62	0.00240325927734375	0.004099854227405248	0.5954285011384068	400799
63	0.00240325927734375	0.005354911643957874	1.1298784565726543	439711
64	0.00240325927734375	0.00468554768846314	1.0263821605151524	318812
65	0.00240325927734375	0.005354911643957874	1.0776832440020596	381009
66	0.00240325927734375	0.003138950892857143	0.4216151515430648	449822
67	0.00240325927734375	0.00468554768846314	1.0410271389116277	378867
68	0.00240325927734375	0.005354911643957874	1.1526698635273873	361634
69	0.00240325927734375	0.0035873724489795924	0.4211648028270305	361409
70	0.00240325927734375	0.00468554768846314	0.9015750178017522	356373
71	0.00240325927734375	0.004099854227405248	0.9568785077303433	329644
72	0.00240325927734375	0.00274658203125	0.7332331341776858	493667
73	0.00240325927734375	0.00468554768846314	1.2375596003930924	365720
74	0.00240325927734375	0.005354911643957874	0.9449788227790046	371059
75	0.00240325927734375	0.0035873724489795924	0.6781017530482094	479757
76	0.00240325927734375	0.004099854227405248	0.5105102843732272	330521
77	0.00240325927734375	0.004099854227405248	0.9036612828671342	384033
78	0.00240325927734375	0.0035873724489795924	1.4415566085708393	467466
79	0.00240325927734375	0.00274658203125	0.7472427793149423	318843
80	0.00240325927734375	0.00274658203125	0.9051300261906068	377387
81	0.00240325927734375	0.004099854227405248	0.8048610475332676	427686
82	0.00240325927734375	0.004099854227405248	0.6561111698386768	333192
83	0.00240325927734375	0.004099854227405248	0.8852960976607447	413790
84	0.00240325927734375	0.005354911643957874	1.0469427497807635	411928
85	0.00240325927734375	0.004099854227405248	0.5954285011384068	320166
86	0.00240325927734375	0.003138950892857143	0.7254561775209746	409592
87	0.00240325927734375	0.004099854227405248	0.8011054648787022	461115
88	0.00240325927734375	0.00468554768846314	1.17902383657006	376117
89	0.00240325927734375	0.0035873724489795924	0.650603255652004	306286
90	0.00240325927734375	0.005354911643957874	0.7678701468856888	413472
91	0.00240325927734375	0.00468554768846314	1.187755296685683	312095
92	0.00240325927734375	0.0035873724489795924	0.22858055408794858	336014
93	0.00240325927734375	0.00274658203125	0.931027695565868	576739
94	0.00240325927734375	0.003138950892857143	0.5438455811244645	388326
95	0.00240325927734375	0.003138950892857143	0.7839682388186606	371381
96	0.00240325927734375	0.0035873724489795924	0.9161586214313273	405628
97	0.00240325927734375	0.0035873724489795924	0.9112184774578298	345636
98	0.00240325927734375	0.004099854227405248	0.8137005715497756	328149
99	0.00240325927734375	0.0035873724489795924	0.9947828763638036	505207
100	0.00240325927734375	0.003138950892857143	0.44421749349124495	320465
101	0.00240325927734375	0.003138950892857143	0.7417881015156229	440432
102	0.00240325927734375	0.00468554768846314	0.9139616976473315	517512
103	0.00240325927734375	0.0035873724489795924	0.7541483971669205	328737
104	0.00240325927734375	0.0035873724489795924	0.7581055239461187	330188
105	0.00240325927734375	0.003138950892857143	0.46486182107159085	395721
106	0.00240325927734375	0.004099854227405248	0.6834512404795346	340786
107	0.00240325927734375	0.003138950892857143	0.4917483647455395	380200
108	0.00240325927734375	0.004099854227405248	0.641921615407157	485905
109	0.00240325927734375	0.00274658203125	0.6030838907072111	362998
110	0.00240325927734375	0.003138950892857143	0.657088682269622	408366
111	0.00240325927734375	0.004099854227405248	1.172699114980082	368620
112	0.00240325927734375	0.003138950892857143	0.9611407413009753	309222
113	0.00240325927734375	0.00468554768846314	0.7484306679118492	347285
114	0.00240325927734375	0.004099854227405248	0.7391037230542011	499039
115	0.00240325927734375	0.004099854227405248	0.5476805354180074	382405
116	0.00240325927734375	0.0035873724489795924	0.6415565101277999	360788
117	0.00240325927734375	0.003138950892857143	0.8197657671452399	299706
118	0.00240325927734375	0.0035873724489795924	0.7864072606035097	281352
119	0.00240325927734375	0.00468554768846314	0.9582519574245381	282730
120	0.00240325927734375	0.00274658203125	0.40280709735251885	283463
121	0.00240325927734375	0.004099854227405248	0.4726765573913526	279848
122	0.00240325927734375	0.0035873724489795924	0.36509256641028376	286340
123	0.00240325927734375	0.003138950892857143	0.5779191927265845	284092
124	0.00240325927734375	0.00240325927734375	0.7408269748993305	282323
