0	0.00240325927734375	0.004099854227405248	0.6674234191451528	307363
1	0.00240325927734375	0.004099854227405248	1.0182934883811856	268854
2	0.00240325927734375	0.004099854227405248	0.7858815712676077	316510
3	0.00240325927734375	0.004099854227405248	0.7572409190152881	348083
4	0.00240325927734375	0.004099854227405248	0.7930779345010727	358939
5	0.00240325927734375	0.00468554768846314	0.6067701353765611	426747
6	0.00240325927734375	0.003138950892857143	0.5960468963358099	601305
7	0.00240325927734375	0.00468554768846314	0.918832449538907	715497
8	0.00240325927734375	0.004099854227405248	0.6266441174695252	655017
9	0.00240325927734375	0.004099854227405248	0.9891280047742861	633334
10	0.00240325927734375	0.00240325927734375	0.8874805362490151	491484
11	0.00240325927734375	0.003138950892857143	0.7054585070843513	473084
12	0.00240325927734375	0.004099854227405248	0.5868536531086868	1571214
13	0.00240325927734375	0.00240325927734375	0.6148195910440275	1041798
14	0.00240325927734375	0.003138950892857143	0.7572409190152881	1600010
15	0.00240325927734375	0.00468554768846314	0.6648552371156095	3307341
16	0.00240325927734375	0.00468554768846314	0.9207183941476196	1777510
17	0.00240325927734375	0.00468554768846314	0.7763992546488784	1598568
18	0.00240325927734375	0.004099854227405248	0.8241691435196903	4013016
19	0.00240325927734375	0.003138950892857143	1.0647683060472555	2056771
20	0.00240325927734375	0.004099854227405248	0.5957011110120926	2107111
21	0.00240325927734375	0.0035873724489795924	0.8014115930310632	3847699
22	0.00240325927734375	0.004099854227405248	0.9741283585254537	2197555
23	0.00240325927734375	0.004099854227405248	0.5895170305537488	2011343
24	0.00240325927734375	0.004099854227405248	0.9885024516281773	3995193
25	0.00240325927734375	0.00274658203125	0.5753307114514359	2258518
26	0.00240325927734375	0.0035873724489795924	1.0927787060983531	1912433
27	0.00240325927734375	0.004099854227405248	0.8165361555565264	3861348
28	0.00240325927734375	0.00274658203125	0.9523942129909773	383314
29	0.00240325927734375	0.00240325927734375	0.4885728166877107	378722
30	0.00240325927734375	0.004099854227405248	0.7881933432434118	408024
31	0.00240325927734375	0.0035873724489795924	0.9470859778996148	369908
32	0.00240325927734375	0.004099854227405248	0.5517168203325604	375407
33	0.00240325927734375	0.003138950892857143	0.9125826449704554	371293
34	0.00240325927734375	0.003138950892857143	0.4596471859326845	368321
35	0.00240325927734375	0.0035873724489795924	0.9647453707835174	378094
36	0.00240325927734375	0.0035873724489795924	0.9493612477115483	368402
37	0.00240325927734375	0.005354911643957874	0.9132411225212023	371779
38	0.00240325927734375	0.003138950892857143	0.5753307114514359	392624
39	0.00240325927734375	0.005354911643957874	0.9898030638998592	373796
40	0.00240325927734375	0.004099854227405248	1.0723958374175098	370936
41	0.00240325927734375	0.003138950892857143	0.3850903346964476	372142
42	0.00240325927734375	0.0035873724489795924	0.6970482110580039	368678
43	0.00240325927734375	0.003138950892857143	0.6162559286645557	365281
44	0.00240325927734375	0.004099854227405248	0.609014861572681	379688
45	0.00240325927734375	0.00468554768846314	0.7777739970879921	371469
46	0.00240325927734375	0.00468554768846314	1.0573947691949228	366774
47	0.00240325927734375	0.0035873724489795924	0.810610342438237	361491
48	0.00240325927734375	0.005354911643957874	0.500169331995343	361591
49	0.00240325927734375	0.003138950892857143	0.904560270421521	361329
50	0.00240325927734375	0.003138950892857143	0.6561111698386768	368799
51	0.00240325927734375	0.00468554768846314	0.7185392226288418	371890
52	0.00240325927734375	0.003138950892857143	0.46105833933866197	382827
53	0.00240325927734375	0.004099854227405248	0.641921615407157	387226
54	0.00240325927734375	0.004099854227405248	1.0277283726262587	374348
55	0.00240325927734375	0.004099854227405248	0.67938808259247	363798
56	0.00240325927734375	0.0035873724489795924	0.6675066333863985	370444
57	0.00240325927734375	0.006119899021666142	0.9742933023445609	383097
58	0.00240325927734375	0.0035873724489795924	0.9975732378978633	366692
59	0.00240325927734375	0.003138950892857143	0.9788657028295182	374611
60	0.00240325927734375	0.005354911643957874	0.573962807042313	368488
61	0.00240325927734375	0.004099854227405248	1.1470632167395172	365560
62	0.00240325927734375	0.00468554768846314	0.6648552371156095	365554
63	0.00240325927734375	0.003138950892857143	0.7636847266851301	374199
64	0.00240325927734375	0.0035873724489795924	0.7713976575292031	398340
65	0.00240325927734375	0.00468554768846314	1.1840084188028102	371873
66	0.00240325927734375	0.0035873724489795924	1.353433762287123	363610
67	0.00240325927734375	0.00240325927734375	0.9397762255859365	361814
68	0.00240325927734375	0.005354911643957874	0.7328105212229479	360684
69	0.00240325927734375	0.004099854227405248	0.941860474909461	361734
70	0.00240325927734375	0.0035873724489795924	0.6415565101277999	366712
71	0.00240325927734375	0.0035873724489795924	1.2246175270630442	362841
72	0.00240325927734375	0.003138950892857143	0.696374332443872	368062
73	0.00240325927734375	0.00468554768846314	0.8752209298420522	361039
74	0.00240325927734375	0.0035873724489795924	0.5163548647066248	367643
75	0.00240325927734375	0.003138950892857143	0.7379796434311969	366306
76	0.00240325927734375	0.003138950892857143	0.5408150808620928	370063
77	0.00240325927734375	0.0035873724489795924	1.2757027607949722	368609
78	0.00240325927734375	0.0035873724489795924	0.9343722836533048	362263
79	0.00240325927734375	0.0035873724489795924	0.554445230212033	372444
80	0.00240325927734375	0.004099854227405248	1.1671745353080831	370753
81	0.00240325927734375	0.0035873724489795924	1.012432602476757	373453
82	0.00240325927734375	0.0035873724489795924	0.47459189989497363	363375
83	0.00240325927734375	0.00468554768846314	0.8287190473560038	364715
84	0.00240325927734375	0.0035873724489795924	1.0460116283835716	362964
85	0.00240325927734375	0.004099854227405248	0.8777061267674525	360463
86	0.00240325927734375	0.00468554768846314	1.1827672088409749	365210
87	0.00240325927734375	0.004099854227405248	0.714378554575787	365604
88	0.00240325927734375	0.00274658203125	0.8070412521005097	364886
89	0.00240325927734375	0.003138950892857143	1.1504258161410181	366120
90	0.00240325927734375	0.0035873724489795924	0.2207872834051713	369016
91	0.00240325927734375	0.005354911643957874	1.304335414622632	373384
92	0.00240325927734375	0.0035873724489795924	0.9847686685924685	365900
93	0.00240325927734375	0.00468554768846314	0.6286783229102727	372339
94	0.00240325927734375	0.004099854227405248	0.715803966495503	365910
95	0.00240325927734375	0.00274658203125	0.586384985424073	383927
96	0.00240325927734375	0.004099854227405248	0.9655140115106828	374165
97	0.00240325927734375	0.004099854227405248	0.40280709735251885	380058
98	0.00240325927734375	0.00468554768846314	1.055431238718161	370553
99	0.00240325927734375	0.00468554768846314	0.9548294185094259	376691
100	0.00240325927734375	0.0035873724489795924	0.966290523451622	363265
101	0.00240325927734375	0.0035873724489795924	0.9635222974904056	359562
102	0.00240325927734375	0.0035873724489795924	0.6201089107861215	359156
103	0.00240325927734375	0.0035873724489795924	0.26942594390034946	396372
104	0.00240325927734375	0.00468554768846314	0.7998423381753974	365820
105	0.00240325927734375	0.0035873724489795924	1.0813109214532246	373453
106	0.00240325927734375	0.005354911643957874	0.6980097920181575	366597
107	0.00240325927734375	0.005354911643957874	0.8360002166887709	365231
108	0.00240325927734375	0.003138950892857143	0.4043216966243352	363379
109	0.00240325927734375	0.00468554768846314	0.6342688642426048	392016
110	0.00240325927734375	0.00468554768846314	0.5895170305537488	367962
111	0.00240325927734375	0.004099854227405248	0.9209787701791013	373016
112	0.00240325927734375	0.00468554768846314	0.8404018583371573	383599
113	0.00240325927734375	0.004099854227405248	0.6106733468314501	364566
114	0.00240325927734375	0.003138950892857143	0.6236337952085094	368504
115	0.00240325927734375	0.0035873724489795924	1.0365202862395593	369072
116	0.00240325927734375	0.005354911643957874	0.7724691468982505	362164
117	0.00240325927734375	0.004099854227405248	1.2083831580954503	386530
118	0.00240325927734375	0.004099854227405248	0.7641845540391233	396270
119	0.00240325927734375	0.003138950892857143	0.6150695573229844	393118
3	0.00240325927734375	0.00240325927734375	0.6917005867439925	274104
4	0.00240325927734375	0.00274658203125	0.4146291755846023	385606
5	0.00240325927734375	0.004099854227405248	1.0923567066838784	289665
6	0.00240325927734375	0.00274658203125	0.8148577382373546	412126
0	0.00240325927734375	0.00274658203125	0.6703527873209254	388460
