0	0.00240325927734375	0.003138950892857143	1.0514427036465803	431131
1	0.00240325927734375	0.005354911643957874	0.9403724733656578	338222
2	0.00240325927734375	0.00468554768846314	1.2001038384181024	417583
3	0.00240325927734375	0.004185267857142856	0.6073575892486077	453831
4	0.00240325927734375	0.005354911643957874	1.0909875493620613	404705
5	0.00240325927734375	0.00468554768846314	1.1348110242354223	481874
6	0.00240325927734375	0.004099854227405248	0.714378554575787	1428547
7	0.00240325927734375	0.0035873724489795924	0.620896954757578	1366552
8	0.00240325927734375	0.003138950892857143	0.493481545650313	1403343
9	0.00240325927734375	0.003138950892857143	0.7516166966317038	2956086
10	0.00240325927734375	0.00468554768846314	0.91501898596758	699230
11	0.00240325927734375	0.003138950892857143	0.6251818169507557	643306
12	0.00240325927734375	0.004099854227405248	0.5261961472262644	3460254
13	0.00240325927734375	0.00468554768846314	0.7528811701837897	595704
14	0.00240325927734375	0.0035873724489795924	0.5846438992057731	834500
15	0.00240325927734375	0.0035873724489795924	0.7362608247530769	2405674
16	0.00240325927734375	0.00240325927734375	0.4358605586643549	1952956
17	0.00240325927734375	0.0035873724489795924	0.7362608247530769	1706720
18	0.00240325927734375	0.00468554768846314	0.6648552371156095	3619120
19	0.00240325927734375	0.0035873724489795924	1.0014971207723649	1968047
20	0.00240325927734375	0.006119899021666142	0.8162273998033012	2037192
21	0.00240325927734375	0.00468554768846314	0.8739229458631526	4174906
22	0.00240325927734375	0.003138950892857143	0.686942144626502	2104993
23	0.00240325927734375	0.0035873724489795924	0.36879448250521546	2206732
24	0.00240325927734375	0.00468554768846314	0.7776390064560588	4202202
25	0.00240325927734375	0.004099854227405248	0.9302043840071945	1575499
26	0.00240325927734375	0.0035873724489795924	0.9285390127105888	1311706
27	0.00240325927734375	0.004099854227405248	1.0106079175082006	405966
28	0.00240325927734375	0.004099854227405248	0.8554001893389152	371039
29	0.00240325927734375	0.003138950892857143	0.29411855649072083	370063
30	0.00240325927734375	0.003138950892857143	1.2127003693666556	373784
31	0.00240325927734375	0.00240325927734375	0.7580118956197238	364327
32	0.00240325927734375	0.003138950892857143	0.8044059992625554	365266
33	0.00240325927734375	0.004099854227405248	0.9449788227790046	378520
34	0.00240325927734375	0.00274658203125	0.834710481107529	358726
35	0.00240325927734375	0.00274658203125	0.7580118956197238	361262
36	0.00240325927734375	0.0035873724489795924	0.9690548023417788	369602
37	0.00240325927734375	0.0035873724489795924	0.8603156862729713	388105
38	0.00240325927734375	0.00468554768846314	0.6342688642426048	381637
39	0.00240325927734375	0.004099854227405248	0.9580234294685747	379161
40	0.00240325927734375	0.006119899021666142	0.9403724733656578	433776
41	0.00240325927734375	0.003138950892857143	0.9711806860536487	387210
42	0.00240325927734375	0.003138950892857143	0.873613050512116	393991
43	0.00240325927734375	0.0035873724489795924	1.1527030665643554	365458
44	0.00240325927734375	0.00240325927734375	0.5902502818053489	418054
45	0.00240325927734375	0.0035873724489795924	0.8595464587295538	410179
46	0.00240325927734375	0.0035873724489795924	0.6095368177910734	361212
47	0.00240325927734375	0.004099854227405248	0.7799868407295917	358889
48	0.00240325927734375	0.00468554768846314	0.8742988426683123	387467
49	0.00240325927734375	0.003138950892857143	0.9223149469110001	362823
50	0.00240325927734375	0.004099854227405248	0.7892524417489257	365084
51	0.00240325927734375	0.003138950892857143	1.0225385849248498	421758
52	0.00240325927734375	0.00274658203125	0.40393131528134174	359210
53	0.00240325927734375	0.004099854227405248	0.8086974034760315	388913
54	0.00240325927734375	0.00274658203125	0.46105833933866197	381513
55	0.00240325927734375	0.005354911643957874	0.5592582483653494	360821
56	0.00240325927734375	0.004099854227405248	0.9472551805177766	363066
57	0.00240325927734375	0.00274658203125	0.6397439145803703	372069
58	0.00240325927734375	0.0035873724489795924	1.0507193202921716	362148
59	0.00240325927734375	0.00274658203125	0.5567469950094024	359440
60	0.00240325927734375	0.005354911643957874	0.8341910132101336	413123
61	0.00240325927734375	0.0035873724489795924	0.7678701468856888	370455
62	0.00240325927734375	0.0035873724489795924	0.7979244615333643	374425
63	0.00240325927734375	0.00240325927734375	0.6667510947308974	421514
64	0.00240325927734375	0.0035873724489795924	0.5577659038212255	360645
65	0.00240325927734375	0.0035873724489795924	0.9556811404738129	375308
66	0.00240325927734375	0.00468554768846314	0.6286783229102727	412340
67	0.00240325927734375	0.005354911643957874	0.7561241212438912	359546
68	0.00240325927734375	0.0035873724489795924	0.6298314151396802	384935
69	0.00240325927734375	0.003138950892857143	0.662859774407035	379515
70	0.00240325927734375	0.00274658203125	0.9777641128999743	376980
71	0.00240325927734375	0.00468554768846314	1.201092045947186	433159
72	0.00240325927734375	0.004099854227405248	0.6182969738793239	376686
73	0.00240325927734375	0.00274658203125	0.9554219493970354	430017
74	0.00240325927734375	0.003138950892857143	0.8332491021696264	383082
75	0.00240325927734375	0.00468554768846314	0.768309910869891	361726
76	0.00240325927734375	0.00274658203125	0.679250968251353	427996
77	0.00240325927734375	0.003138950892857143	0.7188533317922452	380809
78	0.00240325927734375	0.0035873724489795924	0.8874805362490151	375134
79	0.00240325927734375	0.003138950892857143	0.4798413711438436	432924
80	0.00240325927734375	0.004099854227405248	1.0641735652675546	362364
81	0.00240325927734375	0.003138950892857143	0.7248448335959164	369718
82	0.00240325927734375	0.0035873724489795924	1.0559082646650828	383152
83	0.00240325927734375	0.00274658203125	0.3559877994173646	426629
84	0.00240325927734375	0.00240325927734375	0.6675066333863985	369428
85	0.00240325927734375	0.00274658203125	1.0609024884988765	386720
86	0.00240325927734375	0.005354911643957874	0.8652396890456739	373400
87	0.00240325927734375	0.003138950892857143	1.064889514302121	371047
88	0.00240325927734375	0.004099854227405248	0.9019292865825912	379909
89	0.00240325927734375	0.0035873724489795924	0.9471565318303412	382564
90	0.00240325927734375	0.005354911643957874	1.1031570050425974	369696
91	0.00240325927734375	0.004099854227405248	0.6577499012547644	387113
92	0.00240325927734375	0.003138950892857143	0.5062039293537564	381656
93	0.00240325927734375	0.00274658203125	0.8579343626886906	372094
94	0.00240325927734375	0.003138950892857143	0.8012728503929332	376936
95	0.00240325927734375	0.00274658203125	0.698768125417399	358302
96	0.00240325927734375	0.004099854227405248	0.5954285011384068	366499
97	0.00240325927734375	0.003138950892857143	0.5081004792861414	375582
98	0.00240325927734375	0.005354911643957874	1.328472422192444	379483
99	0.00240325927734375	0.00240325927734375	0.4140351812241149	368195
100	0.00240325927734375	0.004099854227405248	0.8011054648787022	423559
101	0.00240325927734375	0.00240325927734375	0.6872065200411286	367650
102	0.00240325927734375	0.0035873724489795924	0.597469793671439	370699
103	0.00240325927734375	0.003138950892857143	0.4917483647455395	377909
104	0.00240325927734375	0.003138950892857143	0.5846438992057731	377907
105	0.00240325927734375	0.004099854227405248	0.7517702901971454	367614
106	0.00240325927734375	0.004099854227405248	1.0019039005504948	383072
107	0.00240325927734375	0.003138950892857143	0.5723611479129064	363305
108	0.00240325927734375	0.004099854227405248	0.9919549406106792	364682
109	0.00240325927734375	0.00468554768846314	1.116124948736747	379730
110	0.00240325927734375	0.0035873724489795924	0.9193387822527832	383865
111	0.00240325927734375	0.00468554768846314	0.7199215301143157	368943
112	0.00240325927734375	0.0035873724489795924	0.8091138562248298	381635
113	0.00240325927734375	0.00274658203125	0.5164409773359109	360615
114	0.00240325927734375	0.004099854227405248	1.0371348266515297	386700
115	0.00240325927734375	0.00274658203125	0.7145779857761192	382916
15	0.00240325927734375	0.00274658203125	0.4140351812241149	3898217
16	0.00240325927734375	0.00274658203125	0.6997073808099048	938355
17	0.00240325927734375	0.005354911643957874	0.626593298130014	437988
18	0.00240325927734375	0.00240325927734375	0.38288381031244606	3303645
19	0.00240325927734375	0.00468554768846314	1.0226695452859869	832712
20	0.00240325927734375	0.0035873724489795924	0.7782257060118252	415270
0	0.00240325927734375	0.0035873724489795924	0.7504312650905558	451336
1	0.00240325927734375	0.003138950892857143	0.8929150890219418	343141
2	0.00240325927734375	0.004099854227405248	0.8471968183051826	457086
