0	0.00240325927734375	0.0035873724489795924	0.22858055408794858	293417
1	0.00240325927734375	0.0035873724489795924	0.7443440662717085	236292
2	0.00240325927734375	0.00468554768846314	0.7060392875955529	289789
3	0.00240325927734375	0.00468554768846314	0.44373171086368535	280062
4	0.00240325927734375	0.003138950892857143	0.4237339425775215	278281
5	0.00240325927734375	0.00274658203125	0.5577659038212255	250957
6	0.00240325927734375	0.005354911643957874	1.0279923484161049	243913
7	0.00240325927734375	0.0035873724489795924	0.7582251959835512	236300
8	0.00240325927734375	0.004099854227405248	0.8793176514714681	254937
9	0.00240325927734375	0.0035873724489795924	0.6369276497424543	241521
10	0.00240325927734375	0.005354911643957874	0.7328105212229479	272090
11	0.00240325927734375	0.005354911643957874	1.0254890236257457	266832
12	0.00240325927734375	0.004099854227405248	0.9767063725739434	234733
13	0.00240325927734375	0.004099854227405248	1.0499370658246383	234284
14	0.00240325927734375	0.00274658203125	0.7892524417489257	253003
15	0.00240325927734375	0.003138950892857143	0.3280673200675872	240599
16	0.00240325927734375	0.004099854227405248	0.7552127958367372	242000
17	0.00240325927734375	0.003138950892857143	0.29411855649072083	248295
18	0.00240325927734375	0.00274658203125	0.4894829601663889	245841
19	0.00240325927734375	0.00274658203125	0.5242764158818288	259980
20	0.00240325927734375	0.00468554768846314	1.123148750283303	252048
21	0.00240325927734375	0.004099854227405248	0.9161716432981342	298925
22	0.00240325927734375	0.0035873724489795924	0.8651536025005631	246849
23	0.00240325927734375	0.00240325927734375	0.9847230838043939	277137
24	0.00240325927734375	0.0035873724489795924	1.1242662218038912	281535
25	0.00240325927734375	0.003138950892857143	1.103637893704479	287047
26	0.00240325927734375	0.0035873724489795924	0.7047879712613051	273272
27	0.00240325927734375	0.00468554768846314	0.5191529685340931	269083
28	0.00240325927734375	0.004099854227405248	0.5868536531086868	223383
29	0.00240325927734375	0.00274658203125	0.6853742970113494	239642
30	0.00240325927734375	0.00274658203125	0.7439918209191354	228804
31	0.00240325927734375	0.0035873724489795924	0.7360273749930983	246963
32	0.00240325927734375	0.0035873724489795924	0.5191529685340931	232734
33	0.00240325927734375	0.004099854227405248	0.5954285011384068	240749
34	0.00240325927734375	0.0035873724489795924	0.6067701353765611	247960
35	0.00240325927734375	0.003138950892857143	0.44373171086368535	285000
36	0.00240325927734375	0.00468554768846314	0.6823879971463176	277215
37	0.00240325927734375	0.0035873724489795924	1.045404991297389	223709
38	0.00240325927734375	0.003138950892857143	0.657088682269622	259897
39	0.00240325927734375	0.0035873724489795924	0.8362583808680021	225822
40	0.00240325927734375	0.003138950892857143	0.3820828136324923	255344
41	0.00240325927734375	0.00468554768846314	1.1260743193449854	256040
42	0.00240325927734375	0.003138950892857143	0.7545799596922109	266424
43	0.00240325927734375	0.003138950892857143	0.7690028853645818	244909
44	0.00240325927734375	0.00468554768846314	1.0814371471188906	265011
45	0.00240325927734375	0.004099854227405248	0.641921615407157	277436
46	0.00240325927734375	0.003138950892857143	0.45541408671804184	279313
47	0.00240325927734375	0.006119899021666142	0.9596833814559684	275942
48	0.00240325927734375	0.0035873724489795924	0.7598833452271068	223491
49	0.00240325927734375	0.006119899021666142	0.5592582483653494	233092
50	0.00240325927734375	0.00468554768846314	0.7360273749930983	221734
51	0.00240325927734375	0.003138950892857143	0.6675066333863985	256984
52	0.00240325927734375	0.005354911643957874	0.8883177168330967	231590
53	0.00240325927734375	0.00468554768846314	1.0029311249126098	229307
54	0.00240325927734375	0.00274658203125	0.740837906471948	234116
55	0.00240325927734375	0.00274658203125	0.7465988367270189	236613
56	0.00240325927734375	0.00274658203125	0.8734186375931394	241670
57	0.00240325927734375	0.0035873724489795924	0.805212017505129	277943
58	0.00240325927734375	0.003138950892857143	0.7051287755942099	272984
59	0.00240325927734375	0.003138950892857143	0.8318096846776749	223155
60	0.00240325927734375	0.003138950892857143	0.8761920643920281	231059
61	0.00240325927734375	0.004099854227405248	0.4596471859326845	224313
62	0.00240325927734375	0.0035873724489795924	0.5873657943135415	267234
63	0.00240325927734375	0.0035873724489795924	0.7705533893840184	234885
64	0.00240325927734375	0.005354911643957874	0.626593298130014	227417
65	0.00240325927734375	0.003138950892857143	0.6095368177910734	229945
66	0.00240325927734375	0.004099854227405248	1.0014857572683673	225865
67	0.00240325927734375	0.0035873724489795924	0.5779191927265845	264562
68	0.00240325927734375	0.003138950892857143	0.7556895872252416	263780
69	0.00240325927734375	0.0047831632653061226	0.8085128604002021	253387
70	0.00240325927734375	0.0035873724489795924	1.112379133770264	272849
71	0.00240325927734375	0.0035873724489795924	0.6986454041652321	242865
72	0.00240325927734375	0.00274658203125	0.3441138700103165	295145
73	0.00240325927734375	0.003138950892857143	0.6128421852987456	229313
74	0.00240325927734375	0.004099854227405248	0.6674234191451528	278003
75	0.00240325927734375	0.006119899021666142	1.0782855790974435	231076
76	0.00240325927734375	0.003138950892857143	0.9239766016953582	223728
77	0.00240325927734375	0.003138950892857143	0.9510243867840482	231964
78	0.00240325927734375	0.00468554768846314	0.7197266152812417	232275
79	0.00240325927734375	0.003138950892857143	0.9352801020798552	232489
80	0.00240325927734375	0.00274658203125	0.7374771878521318	267297
81	0.00240325927734375	0.0035873724489795924	1.1520378045568167	274217
82	0.00240325927734375	0.005354911643957874	0.7724691468982505	248458
83	0.00240325927734375	0.0035873724489795924	0.8990738850506692	272513
84	0.00240325927734375	0.004099854227405248	0.58113542247912	241929
85	0.00240325927734375	0.0035873724489795924	0.8467223763890266	271907
86	0.00240325927734375	0.0035873724489795924	1.1019125809599535	255512
87	0.00240325927734375	0.00274658203125	0.4858296718783282	303205
88	0.00240325927734375	0.00274658203125	1.047910409937014	238782
89	0.00240325927734375	0.0035873724489795924	0.9497117716964212	260665
90	0.00240325927734375	0.004099854227405248	0.4705143080389149	236966
91	0.00240325927734375	0.004099854227405248	0.7881933432434118	229835
92	0.00240325927734375	0.00240325927734375	0.9411475338108961	228388
93	0.00240325927734375	0.0035873724489795924	0.686065351567182	238349
94	0.00240325927734375	0.003138950892857143	0.5408150808620928	275093
95	0.00240325927734375	0.0035873724489795924	1.0487953092053182	282745
96	0.00240325927734375	0.004099854227405248	1.2482683526783316	321756
97	0.00240325927734375	0.00468554768846314	1.2962983834967063	237211
98	0.00240325927734375	0.004099854227405248	0.9030495672121956	227495
99	0.00240325927734375	0.00240325927734375	0.44421749349124495	220680
100	0.00240325927734375	0.006119899021666142	0.7777739970879921	242755
101	0.00240325927734375	0.0035873724489795924	0.6859444391123852	232419
102	0.00240325927734375	0.0035873724489795924	1.0118510252388333	225675
103	0.00240325927734375	0.00274658203125	0.7375808684032052	223970
104	0.00240325927734375	0.00468554768846314	0.6781585653026645	221794
105	0.00240325927734375	0.0035873724489795924	0.8260780488086806	227941
106	0.00240325927734375	0.006119899021666142	1.0331847975267365	228081
107	0.00240325927734375	0.00468554768846314	0.7684305123351599	275256
108	0.00240325927734375	0.00274658203125	0.3193425374706503	269007
109	0.00240325927734375	0.004099854227405248	0.7132405897528507	240184
110	0.00240325927734375	0.004099854227405248	0.9403824841077493	315190
111	0.00240325927734375	0.004099854227405248	0.6588402520167402	219967
112	0.00240325927734375	0.0035873724489795924	0.6266441174695252	290814
113	0.00240325927734375	0.005354911643957874	1.0238635925004436	265927
114	0.00240325927734375	0.003138950892857143	0.5316671508538642	301633
115	0.00240325927734375	0.003138950892857143	0.953803643432083	244151
116	0.00240325927734375	0.00274658203125	0.6266441174695252	288836
117	0.00240325927734375	0.00468554768846314	0.9751881385355397	246257
118	0.00240325927734375	0.003138950892857143	0.5723611479129064	225513
119	0.00240325927734375	0.003138950892857143	0.5476805354180074	234007
120	0.00240325927734375	0.005354911643957874	0.8737946389371779	225840
121	0.00240325927734375	0.004099854227405248	0.9720036600963292	269445
122	0.00240325927734375	0.005354911643957874	0.7328105212229479	257026
123	0.00240325927734375	0.00274658203125	0.6150695573229844	328728
124	0.00240325927734375	0.00468554768846314	1.0795823086780822	262087
