0	0.00240325927734375	0.00468554768846314	0.8293021461292156	275808
1	0.00240325927734375	0.004099854227405248	0.9374621640360172	263469
2	0.00240325927734375	0.00274658203125	0.8733243964278891	269100
3	0.00240325927734375	0.004099854227405248	0.8211933766889251	597389
4	0.00240325927734375	0.004099854227405248	0.5615350858854704	331470
5	0.00240325927734375	0.0035873724489795924	1.0691380469364535	275964
6	0.00240325927734375	0.006119899021666142	0.573962807042313	1569897
7	0.00240325927734375	0.00468554768846314	1.1659470053449839	375703
8	0.00240325927734375	0.004099854227405248	0.3702963559559602	374914
9	0.00240325927734375	0.005354911643957874	0.9087886089410938	1136231
10	0.00240325927734375	0.0035873724489795924	0.6910228171134865	588336
11	0.00240325927734375	0.0035873724489795924	1.2713145514474653	620118
12	0.00240325927734375	0.0035873724489795924	0.7428955824473233	1693592
13	0.00240325927734375	0.005466472303206997	0.7800413432465235	335324
14	0.00240325927734375	0.003138950892857143	0.7185472165735766	700522
15	0.00240325927734375	0.0035873724489795924	0.47476898425025754	2848686
16	0.00240325927734375	0.0035873724489795924	0.8111024165790848	518225
17	0.00240325927734375	0.004099854227405248	0.7475384778165615	347221
18	0.00240325927734375	0.005354911643957874	0.7528811701837897	1572494
19	0.00240325927734375	0.004099854227405248	0.5192845589394408	1206731
20	0.00240325927734375	0.004099854227405248	0.7789692341631549	480722
21	0.00240325927734375	0.00274658203125	0.36509256641028376	1719794
22	0.00240325927734375	0.004099854227405248	1.0376581887460896	474477
23	0.00240325927734375	0.004099854227405248	0.89402023812946	676250
24	0.00240325927734375	0.00468554768846314	1.0169588023615033	4065816
25	0.00240325927734375	0.00274658203125	0.6653083012861658	530196
26	0.00240325927734375	0.00274658203125	0.7065238832128781	381110
27	0.00240325927734375	0.0035873724489795924	1.036198937447739	4198311
28	0.00240325927734375	0.0035873724489795924	0.7176602883672526	460791
29	0.00240325927734375	0.003138950892857143	0.7289300545238664	392058
30	0.00240325927734375	0.004099854227405248	1.0116413851833488	3812873
31	0.00240325927734375	0.003138950892857143	1.184892375765574	668933
32	0.00240325927734375	0.00274658203125	0.3193425374706503	587260
33	0.00240325927734375	0.003138950892857143	0.5062039293537564	3932877
34	0.00240325927734375	0.0035873724489795924	0.6915548535926916	1054172
35	0.00240325927734375	0.00240325927734375	0.7360011240991008	957902
36	0.00240325927734375	0.00274658203125	0.5873657943135415	1706641
37	0.00240325927734375	0.0035873724489795924	0.6107426521731344	352990
38	0.00240325927734375	0.00468554768846314	0.6587112844569967	353862
39	0.00240325927734375	0.00274658203125	0.2207872834051713	361424
40	0.00240325927734375	0.00468554768846314	0.8070412521005097	354943
41	0.00240325927734375	0.00274658203125	0.8583437412853249	356118
42	0.00240325927734375	0.0047831632653061226	1.0219234046650822	356830
43	0.00240325927734375	0.00468554768846314	0.8385927256785952	353047
44	0.00240325927734375	0.004099854227405248	0.8100441126447798	353731
45	0.00240325927734375	0.00468554768846314	0.7403904235932837	360742
46	0.00240325927734375	0.00274658203125	0.3775687570714291	351003
47	0.00240325927734375	0.0035873724489795924	0.4358605586643549	355103
48	0.00240325927734375	0.004099854227405248	0.7102416530542501	357159
49	0.00240325927734375	0.00240325927734375	0.820277311764656	394667
50	0.00240325927734375	0.00468554768846314	0.9144544842475943	557090
51	0.00240325927734375	0.0035873724489795924	0.8211933766889251	3516878
52	0.00240325927734375	0.004099854227405248	0.9493612477115483	1010500
53	0.00240325927734375	0.0035873724489795924	0.6344324522427114	867162
54	0.00240325927734375	0.00274658203125	0.7812833840395859	3923452
55	0.00240325927734375	0.00274658203125	0.44421749349124495	951899
56	0.00240325927734375	0.003138950892857143	0.842518700140928	1182480
57	0.00240325927734375	0.003138950892857143	0.5408150808620928	4088186
58	0.00240325927734375	0.004099854227405248	0.7266480227557699	804892
59	0.00240325927734375	0.004099854227405248	0.7288313822741609	2204258
60	0.00240325927734375	0.003138950892857143	0.4629630727915729	3753917
61	0.00240325927734375	0.0035873724489795924	0.8276662954036069	473823
62	0.00240325927734375	0.00274658203125	0.5738630213636511	703636
63	0.00240325927734375	0.004099854227405248	0.6769383500465617	3269123
64	0.00240325927734375	0.005354911643957874	1.0121999334210436	528535
65	0.00240325927734375	0.00274658203125	0.4146291755846023	480685
66	0.00240325927734375	0.004099854227405248	0.6251818169507557	3482539
67	0.00240325927734375	0.0035873724489795924	0.9762866309231297	738751
68	0.00240325927734375	0.00468554768846314	0.6119781743442333	790294
17	0.00240325927734375	0.003138950892857143	0.6212035864446026	400105
18	0.00240325927734375	0.003138950892857143	0.5746670623715742	4360481
19	0.00240325927734375	0.00274658203125	0.4648618210715908	778755
20	0.00240325927734375	0.005354911643957874	0.9372753161150067	361727
21	0.00240325927734375	0.0035873724489795924	0.9328576843814884	3050643
22	0.00240325927734375	0.00274658203125	0.559357762060949	1001271
23	0.00240325927734375	0.004099854227405248	0.5826289272877523	927198
24	0.00240325927734375	0.003138950892857143	0.6599194892621274	756290
25	0.00240325927734375	0.00274658203125	0.5946945823635539	372890
26	0.00240325927734375	0.003138950892857143	0.6288556659146406	538537
27	0.00240325927734375	0.004099854227405248	0.6676562377399188	3959876
28	0.00240325927734375	0.0035873724489795924	0.5242764158818288	403286
29	0.00240325927734375	0.0035873724489795924	0.36509256641028376	388730
30	0.00240325927734375	0.00468554768846314	0.9454439365763846	5085533
31	0.00240325927734375	0.003138950892857143	0.47989498236885453	1368181
32	0.00240325927734375	0.004099854227405248	1.1167204774914683	809407
33	0.00240325927734375	0.0035873724489795924	0.9584117903475543	1852450
34	0.00240325927734375	0.00468554768846314	0.897554018028904	553217
35	0.00240325927734375	0.0035873724489795924	0.9271911274954011	1067674
36	0.00240325927734375	0.005354911643957874	0.8739216991900464	2619097
37	0.00240325927734375	0.004099854227405248	0.6910228171134865	2752592
38	0.00240325927734375	0.00468554768846314	0.9112184774578298	2366477
39	0.00240325927734375	0.00240325927734375	0.7281129848808853	4376793
40	0.00240325927734375	0.004099854227405248	0.641921615407157	1476304
41	0.00240325927734375	0.004099854227405248	0.7145779857761192	752384
42	0.00240325927734375	0.003138950892857143	0.7289300545238664	1394818
43	0.00240325927734375	0.00274658203125	0.9949297572966127	744336
44	0.00240325927734375	0.004099854227405248	0.8524933979883523	880700
45	0.00240325927734375	0.004099854227405248	0.3820828136324923	1957621
46	0.00240325927734375	0.005354911643957874	0.5882051637578561	527384
47	0.00240325927734375	0.004185267857142856	0.6654049710553581	580155
48	0.00240325927734375	0.0035873724489795924	0.799476530929319	3675002
49	0.00240325927734375	0.0035873724489795924	0.662859774407035	604666
50	0.00240325927734375	0.0035873724489795924	0.970604342353737	482207
51	0.00240325927734375	0.0035873724489795924	0.6344324522427114	3400623
52	0.00240325927734375	0.00274658203125	0.6125409717037203	697657
53	0.00240325927734375	0.003138950892857143	0.7071598277099005	579740
54	0.00240325927734375	0.00468554768846314	0.8648023407852267	3137364
55	0.00240325927734375	0.0035873724489795924	1.015465959957982	632139
0	0.00240325927734375	0.003138950892857143	1.0743640171420377	257633
1	0.00240325927734375	0.00468554768846314	0.7850955772710624	254400
2	0.00240325927734375	0.004099854227405248	0.7391037230542011	250325
3	0.00240325927734375	0.003138950892857143	0.82322681526833	316259
4	0.00240325927734375	0.005354911643957874	0.9648181239682058	290796
5	0.00240325927734375	0.00274658203125	0.7465988367270189	273457
6	0.00240325927734375	0.00468554768846314	0.6348663589710202	383652
7	0.00240325927734375	0.00468554768846314	0.7828071744138969	294738
8	0.00240325927734375	0.004099854227405248	1.0681932236715026	472402
9	0.00240325927734375	0.004099854227405248	0.493481545650313	355946
10	0.00240325927734375	0.004185267857142856	0.7094622104816076	291820
11	0.00240325927734375	0.006247396917950854	1.0736292421547522	447679
12	0.00240325927734375	0.0035873724489795924	1.204838339568027	1393432
13	0.00240325927734375	0.00468554768846314	0.6922948885328926	463578
14	0.00240325927734375	0.003138950892857143	0.5960468963358099	470550
15	0.00240325927734375	0.004099854227405248	1.0252602206252939	3070201
16	0.00240325927734375	0.004099854227405248	0.7229854341660136	658747
