0	0.00240325927734375	0.004099854227405248	1.1111426691355533	243718
1	0.00240325927734375	0.003138950892857143	0.4705143080389149	268662
2	0.00240325927734375	0.003138950892857143	0.4798413711438436	256349
3	0.00240325927734375	0.0035873724489795924	0.8499423510088602	247550
4	0.00240325927734375	0.003138950892857143	0.4798413711438436	233986
5	0.00240325927734375	0.004099854227405248	1.0010788861590412	239509
6	0.00240325927734375	0.00468554768846314	0.9472551805177766	234628
7	0.00240325927734375	0.005354911643957874	0.7724691468982505	254767
8	0.00240325927734375	0.0035873724489795924	0.454480653946287	234056
9	0.00240325927734375	0.004099854227405248	0.9019292865825912	260745
10	0.00240325927734375	0.0035873724489795924	1.0632792981278467	227092
11	0.00240325927734375	0.003138950892857143	0.8646319590030103	225751
12	0.00240325927734375	0.00468554768846314	0.5191529685340931	234168
13	0.00240325927734375	0.0035873724489795924	0.45855315010286146	242579
14	0.00240325927734375	0.004099854227405248	1.2228317934277928	265324
15	0.00240325927734375	0.00468554768846314	0.6598978464616041	224289
16	0.00240325927734375	0.00468554768846314	1.17778911751292	232766
17	0.00240325927734375	0.004099854227405248	0.5463221147242449	227866
18	0.00240325927734375	0.0035873724489795924	0.7332331341776858	264956
19	0.00240325927734375	0.0035873724489795924	0.9917576713840177	251685
20	0.00240325927734375	0.004099854227405248	0.6963537400914321	258700
21	0.00240325927734375	0.00468554768846314	0.6674234191451528	245563
22	0.00240325927734375	0.003138950892857143	0.3850903346964476	283083
23	0.00240325927734375	0.0035873724489795924	0.3441138700103165	252686
24	0.00240325927734375	0.004099854227405248	0.7361491348549596	240266
25	0.00240325927734375	0.005354911643957874	0.5895170305537488	245912
26	0.00240325927734375	0.00274658203125	0.5532186937833052	263044
27	0.00240325927734375	0.0035873724489795924	1.1195195271968095	292152
28	0.00240325927734375	0.004099854227405248	0.9322496320358722	304092
29	0.00240325927734375	0.0035873724489795924	0.6286783229102727	247547
30	0.00240325927734375	0.0035873724489795924	0.5053724480380157	248489
31	0.00240325927734375	0.0035873724489795924	0.9744052574934661	244671
32	0.00240325927734375	0.00468554768846314	0.7737852425688121	248114
33	0.00240325927734375	0.00468554768846314	0.7910998227613809	251209
34	0.00240325927734375	0.0035873724489795924	0.3185994521415336	269486
35	0.00240325927734375	0.004099854227405248	0.7743735679391083	236970
36	0.00240325927734375	0.00468554768846314	0.9119214078109366	259552
37	0.00240325927734375	0.003138950892857143	0.5842435290330148	234050
38	0.00240325927734375	0.003138950892857143	0.6923368502348177	245928
39	0.00240325927734375	0.005354911643957874	0.9037838868511199	243925
40	0.00240325927734375	0.003138950892857143	0.8313289556153272	265310
41	0.00240325927734375	0.00274658203125	0.5051155787649115	234438
42	0.00240325927734375	0.00468554768846314	1.1205445158725027	257339
43	0.00240325927734375	0.00468554768846314	0.7881933432434118	258848
44	0.00240325927734375	0.004099854227405248	0.613645161613009	240001
45	0.00240325927734375	0.004099854227405248	0.4986239590348064	235517
46	0.00240325927734375	0.004099854227405248	0.5572653352020441	262702
47	0.00240325927734375	0.005354911643957874	1.1131731203883202	290830
48	0.00240325927734375	0.004099854227405248	0.4307214741276705	247292
49	0.00240325927734375	0.00468554768846314	1.102184185507944	252742
50	0.00240325927734375	0.004099854227405248	0.8793176514714681	257571
51	0.00240325927734375	0.00468554768846314	0.9428155554601695	229495
52	0.00240325927734375	0.005354911643957874	1.0137070836965418	278221
53	0.00240325927734375	0.00468554768846314	0.7844954740377112	296903
54	0.00240325927734375	0.0035873724489795924	1.2838345269524285	233275
55	0.00240325927734375	0.004099854227405248	0.8919325705712464	238817
56	0.00240325927734375	0.004099854227405248	0.7630068283960101	230349
57	0.00240325927734375	0.005354911643957874	0.8086974034760315	309011
58	0.00240325927734375	0.0035873724489795924	0.22858055408794858	231544
59	0.00240325927734375	0.004099854227405248	0.8100441126447798	241818
60	0.00240325927734375	0.003138950892857143	0.41150289191529354	277232
61	0.00240325927734375	0.004185267857142856	0.7575653255000013	246566
62	0.00240325927734375	0.00274658203125	0.6311987620344006	228153
63	0.00240325927734375	0.0035873724489795924	0.46953556677147046	271380
64	0.00240325927734375	0.0035873724489795924	0.9036612828671342	286256
65	0.00240325927734375	0.00468554768846314	0.6311987620344006	234712
66	0.00240325927734375	0.00468554768846314	0.4726765573913526	234549
67	0.00240325927734375	0.0035873724489795924	0.7996135617435007	232114
68	0.00240325927734375	0.005354911643957874	1.1098413117344808	234469
69	0.00240325927734375	0.00274658203125	0.9497455031252743	264430
70	0.00240325927734375	0.00274658203125	0.5126095839448059	233273
71	0.00240325927734375	0.00468554768846314	1.1725566092006237	244138
72	0.00240325927734375	0.005354911643957874	1.1443953239281488	246323
73	0.00240325927734375	0.0035873724489795924	0.7328864414227908	229808
74	0.00240325927734375	0.00274658203125	1.0970510004972878	236780
75	0.00240325927734375	0.0035873724489795924	0.7260488631284274	267772
76	0.00240325927734375	0.00274658203125	0.454480653946287	281522
77	0.00240325927734375	0.0035873724489795924	0.960510428730623	234620
78	0.00240325927734375	0.004099854227405248	0.6428849052002525	237488
79	0.00240325927734375	0.004099854227405248	0.8115255041996038	234759
80	0.00240325927734375	0.00468554768846314	1.5090282216357966	237448
81	0.00240325927734375	0.00274658203125	0.5551845505692676	237014
82	0.00240325927734375	0.00274658203125	0.47459189989497363	254223
83	0.00240325927734375	0.003138950892857143	0.32335263409066817	251657
84	0.00240325927734375	0.005354911643957874	1.0670923345836176	260033
85	0.00240325927734375	0.00468554768846314	0.8148327828200399	283534
86	0.00240325927734375	0.004099854227405248	0.6781585653026645	229286
87	0.00240325927734375	0.003138950892857143	0.4798413711438436	256280
88	0.00240325927734375	0.00274658203125	0.6138259267365053	278951
89	0.00240325927734375	0.003138950892857143	0.8195832568849986	256369
90	0.00240325927734375	0.0035873724489795924	0.8569716041608297	238325
91	0.00240325927734375	0.003138950892857143	0.758125668227176	231532
92	0.00240325927734375	0.003138950892857143	0.8319649010978658	232311
93	0.00240325927734375	0.006119899021666142	0.8991628336168439	232883
94	0.00240325927734375	0.00468554768846314	0.9538729490501676	267105
95	0.00240325927734375	0.0035873724489795924	0.454480653946287	246848
96	0.00240325927734375	0.0035873724489795924	1.0022064712440368	278225
97	0.00240325927734375	0.00274658203125	0.5261961472262644	241280
98	0.00240325927734375	0.0035873724489795924	0.37724082830877137	287758
99	0.00240325927734375	0.003138950892857143	0.609014861572681	227023
100	0.00240325927734375	0.0035873724489795924	0.8398972324362269	269717
101	0.00240325927734375	0.00468554768846314	0.9509299115105566	297362
102	0.00240325927734375	0.00468554768846314	0.9157010598126221	242855
103	0.00240325927734375	0.00468554768846314	0.7454369515957597	235017
104	0.00240325927734375	0.0035873724489795924	1.0612933075960307	231594
105	0.00240325927734375	0.003138950892857143	0.7000351443569359	252206
106	0.00240325927734375	0.0035873724489795924	0.7289300545238664	235447
107	0.00240325927734375	0.00274658203125	0.3702963559559602	274242
108	0.00240325927734375	0.0035873724489795924	0.9493612477115483	294996
109	0.00240325927734375	0.005354911643957874	1.119083038879565	306265
110	0.00240325927734375	0.003138950892857143	0.4216151515430648	289585
111	0.00240325927734375	0.004099854227405248	0.45541408671804184	265114
112	0.00240325927734375	0.0035873724489795924	0.9343242858459938	275983
113	0.00240325927734375	0.00468554768846314	0.8011054648787022	244194
114	0.00240325927734375	0.003138950892857143	0.9087886089410938	264221
115	0.00240325927734375	0.005354911643957874	0.8202256390527495	254657
116	0.00240325927734375	0.004099854227405248	0.7996135617435007	244831
117	0.00240325927734375	0.00274658203125	0.5213300879571756	229930
118	0.00240325927734375	0.0035873724489795924	0.740837906471948	236123
119	0.00240325927734375	0.004099854227405248	0.6796361463493921	295397
120	0.00240325927734375	0.003138950892857143	0.6923368502348177	234657
121	0.00240325927734375	0.00468554768846314	0.5277457326021664	258120
122	0.00240325927734375	0.003138950892857143	0.7450350993192905	255950
123	0.00240325927734375	0.003138950892857143	0.6112910728296638	242680
124	0.00240325927734375	0.004099854227405248	0.7185472165735766	241230
