0	0.00240325927734375	0.00274658203125	0.740837906471948	307043
1	0.00240325927734375	0.0035873724489795924	0.7514873387713863	294665
2	0.00240325927734375	0.004099854227405248	0.4140351812241149	316310
3	0.00240325927734375	0.0035873724489795924	1.12423315248713	310663
4	0.00240325927734375	0.003138950892857143	0.7011111248010313	248845
5	0.00240325927734375	0.004099854227405248	0.6688323068437062	253077
6	0.00240325927734375	0.004099854227405248	1.1254075680395006	264122
7	0.00240325927734375	0.00274658203125	0.5846438992057731	287540
8	0.00240325927734375	0.00274658203125	0.7699925478226405	303296
9	0.00240325927734375	0.003138950892857143	0.9608162134866977	225965
10	0.00240325927734375	0.004099854227405248	0.6342688642426048	224391
11	0.00240325927734375	0.00274658203125	0.6580706665746365	266259
12	0.00240325927734375	0.0035873724489795924	0.7442915711679607	269437
13	0.00240325927734375	0.00274658203125	0.5873657943135415	299474
14	0.00240325927734375	0.0035873724489795924	1.1240567158610728	270709
15	0.00240325927734375	0.003138950892857143	0.8007718909201735	258236
16	0.00240325927734375	0.00240325927734375	0.40301095753191163	230099
17	0.00240325927734375	0.0035873724489795924	0.7818964741513493	268114
18	0.00240325927734375	0.006119899021666142	0.9834334845049769	293445
19	0.00240325927734375	0.004099854227405248	0.6424697486337936	324516
20	0.00240325927734375	0.0035873724489795924	1.1877370772199427	266433
21	0.00240325927734375	0.00468554768846314	0.8227563271560385	334824
22	0.00240325927734375	0.004099854227405248	1.0002719288555721	251014
23	0.00240325927734375	0.0035873724489795924	0.9378612258811571	240844
24	0.00240325927734375	0.004099854227405248	0.4140351812241149	232244
25	0.00240325927734375	0.00468554768846314	0.7743735679391083	280438
26	0.00240325927734375	0.00274658203125	0.583330290527021	251440
27	0.00240325927734375	0.00274658203125	0.620896954757578	269350
28	0.00240325927734375	0.0035873724489795924	0.7706541293778734	296217
29	0.00240325927734375	0.004099854227405248	0.4722614008248937	307990
30	0.00240325927734375	0.0035873724489795924	0.7301225909934315	289638
31	0.00240325927734375	0.005354911643957874	0.5882051637578561	275723
32	0.00240325927734375	0.0035873724489795924	1.1148205313039166	284679
33	0.00240325927734375	0.003138950892857143	0.7613660933516148	278637
34	0.00240325927734375	0.0035873724489795924	0.7782257060118252	326522
35	0.00240325927734375	0.003138950892857143	0.4894829601663889	344553
36	0.00240325927734375	0.004099854227405248	0.6344324522427114	250711
37	0.00240325927734375	0.005354911643957874	1.0776832440020596	302313
38	0.00240325927734375	0.005354911643957874	1.0063492375366168	265363
39	0.00240325927734375	0.00274658203125	0.6781017530482094	344613
40	0.00240325927734375	0.004099854227405248	0.8936466738828512	299344
41	0.00240325927734375	0.00274658203125	0.22858055408794858	280269
42	0.00240325927734375	0.004099854227405248	0.7199215301143157	239259
43	0.00240325927734375	0.005354911643957874	1.1075521033983302	344175
44	0.00240325927734375	0.006119899021666142	0.9834334845049769	298862
45	0.00240325927734375	0.004099854227405248	0.9470859778996148	328844
46	0.00240325927734375	0.003138950892857143	0.46305187616615934	251703
47	0.00240325927734375	0.004099854227405248	0.5456471171493534	271665
48	0.00240325927734375	0.00274658203125	0.5499847848759808	235948
49	0.00240325927734375	0.00274658203125	0.8164054990529657	274992
50	0.00240325927734375	0.004099854227405248	1.1198695637052667	313485
51	0.00240325927734375	0.004099854227405248	0.8120890306567742	311655
52	0.00240325927734375	0.004099854227405248	0.9516673770323034	286881
53	0.00240325927734375	0.004099854227405248	1.094117024391097	256011
54	0.00240325927734375	0.004099854227405248	0.7435193124919239	271621
55	0.00240325927734375	0.0035873724489795924	1.1148205313039166	271751
56	0.00240325927734375	0.003138950892857143	0.6286615256238199	309701
57	0.00240325927734375	0.00274658203125	0.3441138700103165	307899
58	0.00240325927734375	0.00468554768846314	1.0142599599093325	269764
59	0.00240325927734375	0.0035873724489795924	0.7444844515535107	336253
60	0.00240325927734375	0.004099854227405248	0.7582251959835512	231533
61	0.00240325927734375	0.0035873724489795924	0.7961510226531423	242524
62	0.00240325927734375	0.0035873724489795924	0.8647921694789836	263383
63	0.00240325927734375	0.0035873724489795924	0.7834547475592385	272196
64	0.00240325927734375	0.00240325927734375	0.7580118956197238	347073
65	0.00240325927734375	0.0035873724489795924	0.9223819329976559	259547
66	0.00240325927734375	0.0035873724489795924	1.0962808506987043	235056
67	0.00240325927734375	0.003138950892857143	0.5746429876726563	295459
68	0.00240325927734375	0.0047831632653061226	1.104339145632026	310496
69	0.00240325927734375	0.005354911643957874	0.5592582483653494	312855
70	0.00240325927734375	0.0035873724489795924	0.9640429656150804	288049
71	0.00240325927734375	0.004099854227405248	0.36879448250521546	289767
72	0.00240325927734375	0.0035873724489795924	0.8389544736506538	229785
73	0.00240325927734375	0.003138950892857143	1.0010788861590412	235690
74	0.00240325927734375	0.003138950892857143	0.8676006807464453	233275
75	0.00240325927734375	0.00274658203125	0.9564761070965927	341119
76	0.00240325927734375	0.004099854227405248	0.886227797056727	271519
77	0.00240325927734375	0.0035873724489795924	0.22858055408794858	275787
78	0.00240325927734375	0.003138950892857143	0.6628173201961995	262907
79	0.00240325927734375	0.004099854227405248	0.6112513686394822	240916
80	0.00240325927734375	0.003138950892857143	0.5053724480380157	246001
81	0.00240325927734375	0.003138950892857143	0.4917483647455395	280546
82	0.00240325927734375	0.003138950892857143	0.2207872834051713	251456
83	0.00240325927734375	0.00240325927734375	0.7718183246301525	307649
84	0.00240325927734375	0.004099854227405248	0.6908642302209882	242215
85	0.00240325927734375	0.00274658203125	0.5261961472262644	339529
86	0.00240325927734375	0.0035873724489795924	0.47989498236885453	228142
87	0.00240325927734375	0.004099854227405248	0.9159106139415947	258498
88	0.00240325927734375	0.004099854227405248	0.7129418612075873	228851
89	0.00240325927734375	0.003138950892857143	0.4798413711438436	345419
90	0.00240325927734375	0.00468554768846314	1.1270827068849947	274764
91	0.00240325927734375	0.0035873724489795924	0.7613660933516148	298626
92	0.00240325927734375	0.004099854227405248	0.6834616477765454	283897
93	0.00240325927734375	0.00468554768846314	1.0714735025991806	248975
94	0.00240325927734375	0.004099854227405248	0.7121910642263108	231347
95	0.00240325927734375	0.004099854227405248	0.8079134868903025	270407
96	0.00240325927734375	0.005354911643957874	0.7777739970879921	293609
97	0.00240325927734375	0.004099854227405248	0.5270362078376615	305203
98	0.00240325927734375	0.00274658203125	0.40301095753191163	235042
99	0.00240325927734375	0.00468554768846314	1.1357838486396452	298867
100	0.00240325927734375	0.00274658203125	0.6125409717037203	228287
101	0.00240325927734375	0.003138950892857143	0.6182969738793239	263068
102	0.00240325927734375	0.004099854227405248	0.47459189989497363	263291
103	0.00240325927734375	0.003138950892857143	0.47989498236885453	229571
104	0.00240325927734375	0.004099854227405248	0.9260927585712827	291803
105	0.00240325927734375	0.003138950892857143	0.7071598277099005	258330
106	0.00240325927734375	0.00468554768846314	0.6486059469237553	318301
107	0.00240325927734375	0.0035873724489795924	0.897554018028904	279459
108	0.00240325927734375	0.00240325927734375	0.46953556677147046	236898
109	0.00240325927734375	0.00468554768846314	0.9442523632783719	225925
110	0.00240325927734375	0.003138950892857143	0.8496185321850398	290687
111	0.00240325927734375	0.004099854227405248	0.641921615407157	270647
112	0.00240325927734375	0.003138950892857143	0.4798413711438436	334933
113	0.00240325927734375	0.00274658203125	0.9744459693582721	280365
114	0.00240325927734375	0.003138950892857143	0.5960468963358099	319984
115	0.00240325927734375	0.004099854227405248	1.3121892988346688	221764
116	0.00240325927734375	0.004099854227405248	1.0624767480052135	251823
117	0.00240325927734375	0.004099854227405248	0.6908642302209882	223666
118	0.00240325927734375	0.00274658203125	0.7747324653297196	224908
119	0.00240325927734375	0.0035873724489795924	0.2207872834051713	287606
120	0.00240325927734375	0.00274658203125	0.5191529685340931	274087
121	0.00240325927734375	0.004099854227405248	0.6986454041652321	288405
122	0.00240325927734375	0.00274658203125	0.8427797378712145	329124
123	0.00240325927734375	0.0035873724489795924	0.5242764158818288	283147
124	0.00240325927734375	0.003138950892857143	0.5898933704546431	278357
