0	0.00240325927734375	0.004099854227405248	1.03887076595295	319027
1	0.00240325927734375	0.003138950892857143	0.5946945823635539	349311
2	0.00240325927734375	0.003138950892857143	0.5746670623715742	355617
3	0.00240325927734375	0.004099854227405248	1.016403529986833	373656
4	0.00240325927734375	0.003138950892857143	0.6429197020950927	321939
5	0.00240325927734375	0.003138950892857143	0.9027688316799474	379211
6	0.00240325927734375	0.00274658203125	1.0419690237684625	363143
7	0.00240325927734375	0.003138950892857143	0.9597547894128804	316787
8	0.00240325927734375	0.004099854227405248	1.0016881857293123	284208
9	0.00240325927734375	0.0035873724489795924	0.9627728395524409	379324
10	0.00240325927734375	0.00274658203125	0.6970264832890722	313834
11	0.00240325927734375	0.00468554768846314	1.1891600761672005	359317
12	0.00240325927734375	0.0035873724489795924	0.7176602883672526	350758
13	0.00240325927734375	0.0035873724489795924	0.7623093982591946	301375
14	0.00240325927734375	0.0035873724489795924	0.6926145932744388	374408
15	0.00240325927734375	0.004099854227405248	0.7275668085700445	314239
16	0.00240325927734375	0.003138950892857143	0.5277457326021664	294539
17	0.00240325927734375	0.00468554768846314	0.6923368502348177	335247
18	0.00240325927734375	0.00468554768846314	0.7961510226531423	389185
19	0.00240325927734375	0.00274658203125	0.6268417665673257	319004
20	0.00240325927734375	0.004099854227405248	0.634529279441464	330205
21	0.00240325927734375	0.003138950892857143	0.3966839071762177	312834
22	0.00240325927734375	0.005354911643957874	1.036207164062962	344112
23	0.00240325927734375	0.005466472303206997	0.9378694547967973	292990
24	0.00240325927734375	0.004099854227405248	0.5683264767752773	296579
25	0.00240325927734375	0.0035873724489795924	0.8397558536764611	390728
26	0.00240325927734375	0.004099854227405248	0.5486569155892225	342029
27	0.00240325927734375	0.0035873724489795924	1.1311575260094149	380542
28	0.00240325927734375	0.0035873724489795924	0.9970467012778643	339122
29	0.00240325927734375	0.0035873724489795924	1.1086330879219166	354710
30	0.00240325927734375	0.0035873724489795924	0.521693252333397	338710
31	0.00240325927734375	0.003138950892857143	0.6335569310522147	277842
32	0.00240325927734375	0.00468554768846314	0.8928591737246963	361869
33	0.00240325927734375	0.00274658203125	0.5546585305758603	261411
34	0.00240325927734375	0.004099854227405248	0.8624069174244311	276627
35	0.00240325927734375	0.0035873724489795924	0.8947388772919064	338683
36	0.00240325927734375	0.0035873724489795924	1.055457086958556	347164
37	0.00240325927734375	0.00468554768846314	0.500169331995343	369281
38	0.00240325927734375	0.003138950892857143	0.4871952555222384	283342
39	0.00240325927734375	0.004099854227405248	0.2207872834051713	310702
40	0.00240325927734375	0.00274658203125	0.2207872834051713	344891
41	0.00240325927734375	0.004099854227405248	0.9003428973519075	305069
42	0.00240325927734375	0.003138950892857143	1.0288103911131432	276745
43	0.00240325927734375	0.0035873724489795924	0.8021399476506184	282151
44	0.00240325927734375	0.0035873724489795924	0.6781585653026645	316796
45	0.00240325927734375	0.003138950892857143	0.8816904632447438	366220
46	0.00240325927734375	0.0035873724489795924	0.4321472194956394	352323
47	0.00240325927734375	0.003138950892857143	0.805212017505129	337583
48	0.00240325927734375	0.0035873724489795924	0.559357762060949	352130
49	0.00240325927734375	0.00468554768846314	0.7047879712613051	269882
50	0.00240325927734375	0.0035873724489795924	0.47989498236885464	346989
51	0.00240325927734375	0.005466472303206997	0.6901763035950244	310740
52	0.00240325927734375	0.00274658203125	0.4614484735197566	365106
53	0.00240325927734375	0.00274658203125	0.7844954740377112	313217
54	0.00240325927734375	0.0035873724489795924	0.573962807042313	394128
55	0.00240325927734375	0.00468554768846314	0.7737852425688121	358591
56	0.00240325927734375	0.004099854227405248	0.8095156359573589	309139
57	0.00240325927734375	0.004099854227405248	1.0424362554148647	337006
58	0.00240325927734375	0.0035873724489795924	0.8826066939320204	342960
59	0.00240325927734375	0.003138950892857143	0.9008028883114431	344931
60	0.00240325927734375	0.0035873724489795924	0.8346501978613127	355352
61	0.00240325927734375	0.005354911643957874	1.0179215674643036	315401
62	0.00240325927734375	0.003138950892857143	0.43214721949563945	337432
63	0.00240325927734375	0.004099854227405248	0.7897175534049015	368133
64	0.00240325927734375	0.00274658203125	0.7667987478561333	368911
65	0.00240325927734375	0.003138950892857143	0.26942594390034946	322949
66	0.00240325927734375	0.005354911643957874	0.9166131830661454	309275
67	0.00240325927734375	0.003138950892857143	0.6561111698386768	353234
68	0.00240325927734375	0.003138950892857143	0.46305187616615934	348951
69	0.00240325927734375	0.00468554768846314	0.626593298130014	280121
70	0.00240325927734375	0.003138950892857143	0.8254170545099855	312207
71	0.00240325927734375	0.004099854227405248	0.5898933704546431	362760
72	0.00240325927734375	0.003138950892857143	0.7102416530542501	357583
73	0.00240325927734375	0.005354911643957874	0.6926809265985516	381271
74	0.00240325927734375	0.004099854227405248	0.8177855718312497	387237
75	0.00240325927734375	0.00274658203125	0.6676562377399188	382836
76	0.00240325927734375	0.003138950892857143	0.6535496880590731	298323
77	0.00240325927734375	0.004099854227405248	0.910370517333068	394895
78	0.00240325927734375	0.0035873724489795924	0.9561431107743056	319473
79	0.00240325927734375	0.0035873724489795924	1.1832212602956549	316461
80	0.00240325927734375	0.0035873724489795924	0.47476898425025754	305282
81	0.00240325927734375	0.006119899021666142	0.6472940801278626	325672
82	0.00240325927734375	0.004099854227405248	0.7129418612075873	265366
83	0.00240325927734375	0.003138950892857143	0.6963537400914321	279945
84	0.00240325927734375	0.004099854227405248	0.9154922725634049	380152
85	0.00240325927734375	0.00274658203125	0.7638397460620443	359966
86	0.00240325927734375	0.00274658203125	0.873613050512116	339578
87	0.00240325927734375	0.0035873724489795924	0.8427230443719522	359134
88	0.00240325927734375	0.0035873724489795924	0.8990752832681312	387772
89	0.00240325927734375	0.0035873724489795924	0.27942865957240903	303632
90	0.00240325927734375	0.00468554768846314	0.8863658667879466	308603
91	0.00240325927734375	0.003138950892857143	0.5946945823635539	329692
92	0.00240325927734375	0.004099854227405248	0.7943753544557384	305221
93	0.00240325927734375	0.0035873724489795924	1.0284235836807853	338905
94	0.00240325927734375	0.00274658203125	0.9727382836459754	295685
95	0.00240325927734375	0.00274658203125	0.3775687570714291	287570
96	0.00240325927734375	0.00468554768846314	1.215307411056158	239834
97	0.00240325927734375	0.003138950892857143	0.521693252333397	329101
98	0.00240325927734375	0.00274658203125	0.7699925478226405	335089
99	0.00240325927734375	0.006119899021666142	0.6472940801278626	342238
100	0.00240325927734375	0.00468554768846314	0.7454369515957597	379059
101	0.00240325927734375	0.004099854227405248	0.5826289272877523	378133
102	0.00240325927734375	0.0035873724489795924	1.0247199277080907	340033
103	0.00240325927734375	0.00468554768846314	0.7516166966317038	280622
104	0.00240325927734375	0.00274658203125	0.9769298394906035	391003
105	0.00240325927734375	0.003138950892857143	0.558865763688278	324736
106	0.00240325927734375	0.003138950892857143	0.8566846926384754	337908
107	0.00240325927734375	0.004099854227405248	0.787414617018555	356801
108	0.00240325927734375	0.0035873724489795924	0.9136479524391736	348023
109	0.00240325927734375	0.00274658203125	0.5915803652642293	315022
110	0.00240325927734375	0.004099854227405248	0.9966743921895433	240152
111	0.00240325927734375	0.005354911643957874	0.9737484416193724	273950
112	0.00240325927734375	0.0035873724489795924	0.5893387435099808	379752
113	0.00240325927734375	0.00468554768846314	1.0917582435860516	372008
114	0.00240325927734375	0.00274658203125	0.5261961472262644	388054
115	0.00240325927734375	0.00468554768846314	0.6084305264741027	341038
116	0.00240325927734375	0.003138950892857143	0.37199129458584634	352929
117	0.00240325927734375	0.0035873724489795924	0.8619341638873453	318703
118	0.00240325927734375	0.004099854227405248	0.6112910728296638	311293
119	0.00240325927734375	0.004099854227405248	0.7569849253360518	310241
120	0.00240325927734375	0.004099854227405248	0.5486569155892225	340586
121	0.00240325927734375	0.0035873724489795924	0.7863559902319706	305034
122	0.00240325927734375	0.0035873724489795924	0.6675870071452594	340305
123	0.00240325927734375	0.003138950892857143	0.5954282982912226	336612
124	0.00240325927734375	0.0035873724489795924	0.7260488631284274	318752
