0	0.00240325927734375	0.00468554768846314	0.6486059469237553	330501
1	0.00240325927734375	0.00274658203125	0.40393131528134174	332411
2	0.00240325927734375	0.00240325927734375	0.5656172268516562	331542
3	0.00240325927734375	0.00274658203125	0.46765791709578064	329303
4	0.00240325927734375	0.00274658203125	0.9975732378978633	285368
5	0.00240325927734375	0.00274658203125	0.6251295181977089	279896
6	0.00240325927734375	0.00468554768846314	0.8761920643920281	338390
7	0.00240325927734375	0.004099854227405248	1.0951065234244728	346496
8	0.00240325927734375	0.005466472303206997	0.8386827194137613	312668
9	0.00240325927734375	0.004099854227405248	0.7740034405155725	366583
10	0.00240325927734375	0.00274658203125	1.131872093207619	370106
11	0.00240325927734375	0.0035873724489795924	0.6286783229102727	332279
12	0.00240325927734375	0.0035873724489795924	0.8948352723181564	354235
13	0.00240325927734375	0.00468554768846314	0.8371911726880021	366344
14	0.00240325927734375	0.004099854227405248	1.0463186730543261	359913
15	0.00240325927734375	0.003138950892857143	0.6106733468314501	360168
16	0.00240325927734375	0.005354911643957874	0.8535713118027233	320262
17	0.00240325927734375	0.005354911643957874	1.2080633856513159	346536
18	0.00240325927734375	0.0035873724489795924	0.5163548647066248	319694
19	0.00240325927734375	0.005354911643957874	1.060304283242181	313850
20	0.00240325927734375	0.0035873724489795924	1.1132882391827537	363840
21	0.00240325927734375	0.0035873724489795924	0.8081237852217049	355550
22	0.00240325927734375	0.0035873724489795924	0.7595956923875984	354797
23	0.00240325927734375	0.005354911643957874	1.1495081004662604	341687
24	0.00240325927734375	0.003138950892857143	0.7809425179021237	355579
25	0.00240325927734375	0.0035873724489795924	0.9428532274627103	332263
26	0.00240325927734375	0.0035873724489795924	0.9942845169947756	362435
27	0.00240325927734375	0.003138950892857143	0.5022648752979952	330121
28	0.00240325927734375	0.003138950892857143	0.6357138849033303	361610
29	0.00240325927734375	0.004099854227405248	0.9550540041790772	352360
30	0.00240325927734375	0.004099854227405248	0.4358605586643549	356767
31	0.00240325927734375	0.004099854227405248	0.6552457435622479	357714
32	0.00240325927734375	0.00274658203125	0.8164054990529657	346240
33	0.00240325927734375	0.0035873724489795924	1.2380502993832665	342605
34	0.00240325927734375	0.003138950892857143	1.0186678442178756	356257
35	0.00240325927734375	0.003138950892857143	0.5944252297426385	367975
36	0.00240325927734375	0.0035873724489795924	0.63369547406758	362486
37	0.00240325927734375	0.00274658203125	0.3559877994173646	348981
38	0.00240325927734375	0.003138950892857143	0.5062039293537564	319590
39	0.00240325927734375	0.004099854227405248	0.9332014804928604	326241
40	0.00240325927734375	0.003138950892857143	0.6412219973493624	319538
41	0.00240325927734375	0.00274658203125	0.5567469950094024	356935
42	0.00240325927734375	0.004099854227405248	0.5615350858854704	371687
43	0.00240325927734375	0.003138950892857143	0.58113542247912	318044
44	0.00240325927734375	0.004099854227405248	0.6796361463493921	324596
45	0.00240325927734375	0.0035873724489795924	0.6369276497424543	324521
46	0.00240325927734375	0.0035873724489795924	0.7422111766715048	352947
47	0.00240325927734375	0.0035873724489795924	0.9798377225722772	325065
48	0.00240325927734375	0.0035873724489795924	0.6746930488384247	322866
49	0.00240325927734375	0.005354911643957874	0.5882051637578561	317574
50	0.00240325927734375	0.003138950892857143	0.7187482815033093	351279
51	0.00240325927734375	0.004099854227405248	0.4705143080389149	369923
52	0.00240325927734375	0.0035873724489795924	0.6084305264741027	333585
53	0.00240325927734375	0.003138950892857143	0.7566868763189217	238220
54	0.00240325927734375	0.004099854227405248	1.0054909433061066	353355
55	0.00240325927734375	0.004099854227405248	0.9472551805177766	355757
56	0.00240325927734375	0.004099854227405248	0.9399827092124426	328461
57	0.00240325927734375	0.0035873724489795924	0.676403883477658	359075
58	0.00240325927734375	0.00240325927734375	0.6280179697604316	376295
59	0.00240325927734375	0.003138950892857143	0.9234948073671841	354293
60	0.00240325927734375	0.00468554768846314	1.2142183540549065	326359
61	0.00240325927734375	0.0035873724489795924	0.8608372282735426	313653
62	0.00240325927734375	0.0035873724489795924	0.6675870071452594	346356
63	0.00240325927734375	0.00468554768846314	1.1079244800348533	338789
64	0.00240325927734375	0.0035873724489795924	0.8018694085001372	352091
65	0.00240325927734375	0.004099854227405248	0.9393116391166587	239525
66	0.00240325927734375	0.003138950892857143	0.5898933704546431	311146
67	0.00240325927734375	0.006119899021666142	0.7382658583335895	322725
68	0.00240325927734375	0.0035873724489795924	0.931027695565868	351909
69	0.00240325927734375	0.004099854227405248	0.7342165248816712	350442
70	0.00240325927734375	0.0035873724489795924	0.36339977689689984	322717
71	0.00240325927734375	0.00274658203125	0.7329071227033257	339270
72	0.00240325927734375	0.004099854227405248	0.8137005715497756	312591
73	0.00240325927734375	0.00468554768846314	0.6926145932744388	346950
74	0.00240325927734375	0.0035873724489795924	0.8838700665935654	349727
75	0.00240325927734375	0.003138950892857143	0.6280179697604316	342422
76	0.00240325927734375	0.00274658203125	0.8471968183051826	350112
77	0.00240325927734375	0.0035873724489795924	0.9225745680228776	238855
78	0.00240325927734375	0.00274658203125	0.5316671508538642	343624
79	0.00240325927734375	0.004099854227405248	0.9015657086846781	329887
80	0.00240325927734375	0.004099854227405248	0.9112184774578298	358999
81	0.00240325927734375	0.005354911643957874	0.7910998227613809	322559
82	0.00240325927734375	0.003138950892857143	0.7312268763093167	310370
83	0.00240325927734375	0.00274658203125	0.8148857764383451	342347
84	0.00240325927734375	0.00274658203125	0.7875627101887046	364163
85	0.00240325927734375	0.0035873724489795924	0.9758372606709076	350095
86	0.00240325927734375	0.004099854227405248	0.6986454041652321	348850
87	0.00240325927734375	0.00468554768846314	0.8742988426683123	317225
88	0.00240325927734375	0.00468554768846314	1.0876058959582537	372323
89	0.00240325927734375	0.005354911643957874	0.7777739970879921	360911
90	0.00240325927734375	0.00240325927734375	0.6997073808099048	314656
91	0.00240325927734375	0.005354911643957874	0.8810202435100394	348460
92	0.00240325927734375	0.004099854227405248	0.6311987620344006	327118
93	0.00240325927734375	0.0035873724489795924	0.46486182107159085	356070
94	0.00240325927734375	0.004099854227405248	0.6674234191451528	322795
95	0.00240325927734375	0.00274658203125	0.5367126567672513	317689
96	0.00240325927734375	0.0035873724489795924	1.2901393311063796	338619
97	0.00240325927734375	0.004099854227405248	0.67938808259247	315468
98	0.00240325927734375	0.00274658203125	0.4894829601663889	349094
23	0.00240325927734375	0.004099854227405248	0.6599140629346134	811551
24	0.00240325927734375	0.004099854227405248	0.9782274611308847	4014611
25	0.00240325927734375	0.00468554768846314	0.9651089741331098	742590
26	0.00240325927734375	0.00468554768846314	0.712778900799903	1035292
27	0.00240325927734375	0.005354911643957874	1.0461746674992956	2825331
28	0.00240325927734375	0.003138950892857143	1.031682220125507	949072
29	0.00240325927734375	0.004099854227405248	0.8737585119059192	1394456
30	0.00240325927734375	0.00468554768846314	0.7720180866333154	3926291
31	0.00240325927734375	0.0035873724489795924	0.3185994521415336	602807
32	0.00240325927734375	0.005354911643957874	0.5486569155892225	913276
0	0.00240325927734375	0.00468554768846314	0.6599140629346134	356999
1	0.00240325927734375	0.004099854227405248	0.6674234191451528	308042
2	0.00240325927734375	0.00274658203125	0.7747324653297196	416452
3	0.00240325927734375	0.004099854227405248	1.4057014591281964	472161
4	0.00240325927734375	0.003138950892857143	0.26942594390034946	579727
5	0.00240325927734375	0.003138950892857143	0.6561111698386768	1223859
6	0.00240325927734375	0.005354911643957874	0.890193272029643	4158691
7	0.00240325927734375	0.0035873724489795924	0.882828827968773	2524691
8	0.00240325927734375	0.0035873724489795924	0.5712260593395756	526394
9	0.00240325927734375	0.004099854227405248	1.0331296139891095	3947189
10	0.00240325927734375	0.00468554768846314	0.7454369515957597	492415
11	0.00240325927734375	0.003138950892857143	0.910173291751877	423842
12	0.00240325927734375	0.0035873724489795924	0.46105833933866197	3911951
13	0.00240325927734375	0.00274658203125	0.3185994521415336	474278
14	0.00240325927734375	0.006119899021666142	0.7382658583335895	483867
15	0.00240325927734375	0.005354911643957874	1.1158429482040408	4811859
