0	0.00240325927734375	0.005354911643957874	0.5486569155892225	292503
1	0.00240325927734375	0.00468554768846314	0.9191394439718632	270448
2	0.00240325927734375	0.0035873724489795924	0.7158486184615922	283104
3	0.00240325927734375	0.0035873724489795924	1.0205869333846755	263736
4	0.00240325927734375	0.00240325927734375	0.26129515566389994	274884
5	0.00240325927734375	0.00274658203125	0.5532186937833052	270600
6	0.00240325927734375	0.0035873724489795924	0.5051155787649115	264859
7	0.00240325927734375	0.0035873724489795924	0.6482976636120993	273872
8	0.00240325927734375	0.0035873724489795924	0.5499847848759808	267729
9	0.00240325927734375	0.00274658203125	0.5945882147588508	281375
10	0.00240325927734375	0.0035873724489795924	0.7964213510783894	242409
11	0.00240325927734375	0.003138950892857143	0.5960468963358099	241374
12	0.00240325927734375	0.0035873724489795924	0.8007718909201735	243646
13	0.00240325927734375	0.00468554768846314	0.9157010598126221	257924
14	0.00240325927734375	0.004185267857142856	0.8155980003561782	280829
15	0.00240325927734375	0.004099854227405248	0.9087069037756641	245432
16	0.00240325927734375	0.00274658203125	0.7188533317922452	326524
17	0.00240325927734375	0.0035873724489795924	0.8592500705876444	242389
18	0.00240325927734375	0.00468554768846314	1.0657484062833036	274155
19	0.00240325927734375	0.004099854227405248	1.0584875868646177	284130
20	0.00240325927734375	0.00468554768846314	1.0022064712440368	282786
21	0.00240325927734375	0.003138950892857143	0.6503267643422815	271523
22	0.00240325927734375	0.003138950892857143	0.9189579266920576	252068
23	0.00240325927734375	0.003138950892857143	0.7509362647001303	269392
24	0.00240325927734375	0.004099854227405248	0.9685491076866579	284499
25	0.00240325927734375	0.0035873724489795924	0.3820828136324923	274934
26	0.00240325927734375	0.004099854227405248	0.8715630078399568	276154
27	0.00240325927734375	0.00274658203125	0.5329952038510364	242690
28	0.00240325927734375	0.003138950892857143	0.5683264767752773	275280
29	0.00240325927734375	0.00468554768846314	0.8955173298012314	269337
30	0.00240325927734375	0.003138950892857143	0.6855719461091498	279273
31	0.00240325927734375	0.00274658203125	0.551532359870496	273124
32	0.00240325927734375	0.0035873724489795924	0.8630047887241346	322413
33	0.00240325927734375	0.003138950892857143	0.794991004294901	278782
34	0.00240325927734375	0.00240325927734375	0.4871952555222384	288794
35	0.00240325927734375	0.00274658203125	0.559357762060949	268783
36	0.00240325927734375	0.005354911643957874	1.2071412592362234	242767
37	0.00240325927734375	0.004099854227405248	0.8675645614404269	255180
38	0.00240325927734375	0.0035873724489795924	0.7100300800441012	285640
39	0.00240325927734375	0.0035873724489795924	0.7328864414227908	264929
40	0.00240325927734375	0.004099854227405248	0.4798413711438436	251162
41	0.00240325927734375	0.004099854227405248	0.7208499950523766	268970
42	0.00240325927734375	0.004099854227405248	0.8771945676409968	279162
43	0.00240325927734375	0.00468554768846314	0.8739229458631526	286112
44	0.00240325927734375	0.003138950892857143	0.6303083534375218	278380
45	0.00240325927734375	0.004099854227405248	0.6412219973493624	272996
46	0.00240325927734375	0.0035873724489795924	0.8332146183126564	272842
47	0.00240325927734375	0.004099854227405248	1.0848479371998934	286348
48	0.00240325927734375	0.00274658203125	0.45855315010286146	253933
49	0.00240325927734375	0.00468554768846314	0.6770712723003275	245713
50	0.00240325927734375	0.00274658203125	0.3193425374706503	269897
51	0.00240325927734375	0.003138950892857143	0.6150695573229844	275956
52	0.00240325927734375	0.004099854227405248	0.8398972324362269	309656
53	0.00240325927734375	0.005354911643957874	0.7561241212438912	306711
54	0.00240325927734375	0.004099854227405248	0.5604910948987741	280210
55	0.00240325927734375	0.004099854227405248	0.8130371779342995	322717
56	0.00240325927734375	0.004099854227405248	0.8367592916745693	281653
57	0.00240325927734375	0.00468554768846314	0.8208151174989351	271691
58	0.00240325927734375	0.003138950892857143	0.9143145173986522	287968
59	0.00240325927734375	0.003138950892857143	0.6288556659146406	278833
60	0.00240325927734375	0.004099854227405248	0.8079134868903025	283762
61	0.00240325927734375	0.004099854227405248	0.4711263834307338	268675
62	0.00240325927734375	0.00274658203125	0.3850903346964476	255279
63	0.00240325927734375	0.00240325927734375	0.6212035864446026	242689
64	0.00240325927734375	0.0035873724489795924	0.5191529685340931	314418
65	0.00240325927734375	0.003138950892857143	0.75611503874457	278564
66	0.00240325927734375	0.004099854227405248	0.8367592916745693	296479
67	0.00240325927734375	0.005354911643957874	1.1425125109796708	279388
68	0.00240325927734375	0.004099854227405248	0.9081219134519697	270225
69	0.00240325927734375	0.00468554768846314	0.9608162134866977	328969
70	0.00240325927734375	0.0035873724489795924	0.7260488631284274	277056
71	0.00240325927734375	0.00274658203125	0.6874916774535854	258611
72	0.00240325927734375	0.00468554768846314	1.0300692806408542	273380
73	0.00240325927734375	0.003138950892857143	0.5476805354180074	280719
74	0.00240325927734375	0.00468554768846314	0.7454369515957597	251474
75	0.00240325927734375	0.0035873724489795924	0.7966731451991165	280635
76	0.00240325927734375	0.003138950892857143	0.4146291755846023	269766
77	0.00240325927734375	0.004099854227405248	0.2207872834051713	266659
78	0.00240325927734375	0.004099854227405248	0.7867934556643397	243867
79	0.00240325927734375	0.003662109374999999	0.7831699225545166	283888
80	0.00240325927734375	0.0035873724489795924	1.284983882492523	275357
81	0.00240325927734375	0.00274658203125	0.4146291755846023	275102
82	0.00240325927734375	0.003138950892857143	0.5081004792861414	324059
83	0.00240325927734375	0.00274658203125	0.8284519582051395	243907
84	0.00240325927734375	0.00468554768846314	0.8661963519825046	313850
85	0.00240325927734375	0.00274658203125	0.47989498236885453	277803
86	0.00240325927734375	0.003138950892857143	0.5277457326021664	329618
87	0.00240325927734375	0.00468554768846314	0.8929150890219418	273687
88	0.00240325927734375	0.0035873724489795924	0.7443440662717085	245140
89	0.00240325927734375	0.004099854227405248	1.168269081643754	272072
90	0.00240325927734375	0.003138950892857143	0.9087069037756641	259071
91	0.00240325927734375	0.00274658203125	0.3559877994173646	236684
92	0.00240325927734375	0.004099854227405248	0.6525341219862626	277608
93	0.00240325927734375	0.003138950892857143	0.9872654212651402	251680
94	0.00240325927734375	0.00468554768846314	1.1291296242200353	280177
95	0.00240325927734375	0.00468554768846314	0.7098675783837675	243780
96	0.00240325927734375	0.003138950892857143	0.3820828136324923	240959
97	0.00240325927734375	0.0035873724489795924	0.9839977790707923	267802
98	0.00240325927734375	0.0035873724489795924	1.3465871047841245	277558
99	0.00240325927734375	0.00468554768846314	0.8614776149295835	262029
100	0.00240325927734375	0.004099854227405248	0.9560294550839903	271976
101	0.00240325927734375	0.0035873724489795924	0.5946945823635539	305350
102	0.00240325927734375	0.00274658203125	0.981007263146167	272366
103	0.00240325927734375	0.00468554768846314	0.8297158704907285	265087
104	0.00240325927734375	0.004099854227405248	0.9779235603841456	327728
105	0.00240325927734375	0.003138950892857143	0.9586990923255814	314427
106	0.00240325927734375	0.003138950892857143	1.1564127401476634	324344
107	0.00240325927734375	0.004099854227405248	0.9700673707470521	271053
108	0.00240325927734375	0.00468554768846314	0.9652588650885232	246941
109	0.00240325927734375	0.00468554768846314	1.0300692806408542	317102
110	0.00240325927734375	0.004099854227405248	0.7034629697216066	241278
111	0.00240325927734375	0.004099854227405248	1.1686405869348404	275868
112	0.00240325927734375	0.003138950892857143	0.7407973884472949	260681
113	0.00240325927734375	0.003138950892857143	0.36879448250521546	260090
114	0.00240325927734375	0.0035873724489795924	0.6369276497424543	265885
115	0.00240325927734375	0.003138950892857143	0.8348890438474144	268401
116	0.00240325927734375	0.004099854227405248	0.8918440894731335	288021
117	0.00240325927734375	0.004099854227405248	0.5746429876726563	265911
118	0.00240325927734375	0.0035873724489795924	0.6917005867439925	268056
119	0.00240325927734375	0.005354911643957874	0.7684305123351599	282436
120	0.00240325927734375	0.0035873724489795924	0.37724082830877137	275219
121	0.00240325927734375	0.004099854227405248	0.7569849253360518	337320
0	0.00240325927734375	0.0035873724489795924	0.46105833933866197	285816
1	0.00240325927734375	0.00274658203125	0.5329952038510364	289752
2	0.00240325927734375	0.00468554768846314	1.1842568525137223	259764
