0	0.00240325927734375	0.00468554768846314	0.9428532274627103	332483
1	0.00240325927734375	0.0035873724489795924	0.7327277385604152	325187
2	0.00240325927734375	0.004099854227405248	0.40393131528134174	365812
3	0.00240325927734375	0.00274658203125	0.4216151515430648	344516
4	0.00240325927734375	0.0035873724489795924	0.8834283373840525	349581
5	0.00240325927734375	0.004099854227405248	0.9946601186626829	344591
6	0.00240325927734375	0.00240325927734375	0.4705143080389149	340823
7	0.00240325927734375	0.00468554768846314	0.6286783229102727	366679
8	0.00240325927734375	0.005354911643957874	0.9322496320358722	361266
9	0.00240325927734375	0.00468554768846314	0.9804417533951194	310244
10	0.00240325927734375	0.005354911643957874	0.8663170998048271	329526
11	0.00240325927734375	0.0035873724489795924	0.3702963559559602	351994
12	0.00240325927734375	0.003138950892857143	0.8650302088692631	347097
13	0.00240325927734375	0.003138950892857143	0.7794989611945641	353165
14	0.00240325927734375	0.00468554768846314	0.984605716345047	364172
15	0.00240325927734375	0.003138950892857143	0.8918440894731335	382368
16	0.00240325927734375	0.005354911643957874	1.188013553118866	326586
17	0.00240325927734375	0.0035873724489795924	0.7374771878521318	317016
18	0.00240325927734375	0.004099854227405248	0.3949968548992396	310587
19	0.00240325927734375	0.005354911643957874	1.0511247190117559	361691
20	0.00240325927734375	0.00274658203125	0.5988624626688432	312928
21	0.00240325927734375	0.004099854227405248	0.6796361463493921	351815
22	0.00240325927734375	0.004099854227405248	0.8202256390527495	359180
23	0.00240325927734375	0.0035873724489795924	0.7671398196578567	345273
24	0.00240325927734375	0.00274658203125	0.9564761070965927	367790
25	0.00240325927734375	0.004099854227405248	0.6342688642426048	307240
26	0.00240325927734375	0.0035873724489795924	1.0026239755728121	299483
27	0.00240325927734375	0.004099854227405248	0.8987278987950114	318516
28	0.00240325927734375	0.00468554768846314	1.2751096926750634	306361
29	0.00240325927734375	0.0035873724489795924	1.1331192285884213	338305
30	0.00240325927734375	0.0035873724489795924	0.6954356666298089	360194
31	0.00240325927734375	0.003138950892857143	0.7490554919696634	383210
32	0.00240325927734375	0.004099854227405248	0.8554001893389152	359312
33	0.00240325927734375	0.004099854227405248	0.47989498236885453	348978
34	0.00240325927734375	0.0035873724489795924	0.902212069572923	352082
35	0.00240325927734375	0.0035873724489795924	1.0546646134267752	344484
36	0.00240325927734375	0.005354911643957874	0.8535713118027233	380492
37	0.00240325927734375	0.0035873724489795924	1.0359050198925888	342473
38	0.00240325927734375	0.004099854227405248	1.1291296242200353	343614
39	0.00240325927734375	0.004099854227405248	0.8427797378712145	357769
40	0.00240325927734375	0.0035873724489795924	0.7450350993192905	360112
41	0.00240325927734375	0.0035873724489795924	0.7630068283960101	335158
42	0.00240325927734375	0.0035873724489795924	0.9100440850410473	344451
43	0.00240325927734375	0.003138950892857143	0.4216151515430648	347349
44	0.00240325927734375	0.0047831632653061226	0.9426390569519268	351808
45	0.00240325927734375	0.0035873724489795924	0.3702963559559602	314104
46	0.00240325927734375	0.006119899021666142	0.7561241212438912	379435
47	0.00240325927734375	0.00274658203125	0.8044059992625554	357013
48	0.00240325927734375	0.00274658203125	0.454480653946287	317322
49	0.00240325927734375	0.003138950892857143	0.7952870565174907	351679
50	0.00240325927734375	0.004099854227405248	0.7402178490221532	386183
51	0.00240325927734375	0.004099854227405248	0.5164409773359109	345485
52	0.00240325927734375	0.0035873724489795924	0.711994084723933	356043
53	0.00240325927734375	0.004099854227405248	0.8535713118027233	314365
54	0.00240325927734375	0.0035873724489795924	0.7964213510783894	373619
55	0.00240325927734375	0.004099854227405248	0.900719116342975	301780
56	0.00240325927734375	0.004099854227405248	0.7208623245648208	334650
57	0.00240325927734375	0.00274658203125	0.8286862696982655	380130
58	0.00240325927734375	0.00274658203125	0.3559877994173646	377262
59	0.00240325927734375	0.0035873724489795924	0.5826289272877523	348640
60	0.00240325927734375	0.004099854227405248	1.106899774643124	340074
61	0.00240325927734375	0.0035873724489795924	0.6201089107861215	351360
62	0.00240325927734375	0.004099854227405248	0.641921615407157	354745
63	0.00240325927734375	0.004099854227405248	0.29411855649072083	369568
64	0.00240325927734375	0.003138950892857143	1.012088671129976	394187
65	0.00240325927734375	0.0035873724489795924	0.3850903346964476	364388
66	0.00240325927734375	0.00274658203125	0.8716616806300284	325801
67	0.00240325927734375	0.004099854227405248	0.6576223988608134	340092
68	0.00240325927734375	0.004099854227405248	0.6286615256238199	317106
69	0.00240325927734375	0.003138950892857143	0.6705883535104707	331264
70	0.00240325927734375	0.0035873724489795924	0.9833380686862286	331899
71	0.00240325927734375	0.005354911643957874	0.7724691468982505	354761
72	0.00240325927734375	0.004099854227405248	0.9677540508854479	350991
73	0.00240325927734375	0.00468554768846314	0.8007718909201735	375445
74	0.00240325927734375	0.004099854227405248	0.44310970425036134	358257
75	0.00240325927734375	0.00240325927734375	0.6251818169507557	367549
76	0.00240325927734375	0.0035873724489795924	0.9024708343203258	349295
77	0.00240325927734375	0.003138950892857143	0.7100300800441012	341524
78	0.00240325927734375	0.00468554768846314	0.8404018583371573	281081
79	0.00240325927734375	0.003138950892857143	0.36879448250521546	267079
80	0.00240325927734375	0.0035873724489795924	0.7953018623005227	342974
81	0.00240325927734375	0.003138950892857143	0.5868536531086868	353471
82	0.00240325927734375	0.006119899021666142	0.8037996786464587	306921
83	0.00240325927734375	0.0035873724489795924	0.6073575892486077	328734
84	0.00240325927734375	0.0035873724489795924	0.6926809265985516	344811
85	0.00240325927734375	0.003138950892857143	0.6106733468314501	386844
86	0.00240325927734375	0.0035873724489795924	0.5367126567672513	350263
87	0.00240325927734375	0.00274658203125	0.9957889566416906	384466
88	0.00240325927734375	0.00274658203125	0.8720587652840096	333700
89	0.00240325927734375	0.00274658203125	0.27942865957240903	351017
90	0.00240325927734375	0.00274658203125	0.9916963645325402	348746
91	0.00240325927734375	0.0035873724489795924	0.7861955926954431	288778
92	0.00240325927734375	0.003138950892857143	0.5229092028783412	344187
93	0.00240325927734375	0.005354911643957874	0.9214722717356447	379416
94	0.00240325927734375	0.004099854227405248	1.0408109383126356	320122
95	0.00240325927734375	0.003138950892857143	0.5572653352020441	348796
96	0.00240325927734375	0.003138950892857143	0.45541408671804184	338818
16	0.00240325927734375	0.004099854227405248	0.7435193124919239	2775599
17	0.00240325927734375	0.003138950892857143	0.7098675783837675	2704704
18	0.00240325927734375	0.00274658203125	0.5169954825889849	2366222
19	0.00240325927734375	0.003138950892857143	0.5698244378957862	811186
20	0.00240325927734375	0.0035873724489795924	0.711994084723933	912717
21	0.00240325927734375	0.006119899021666142	0.6348663589710202	5099320
22	0.00240325927734375	0.006119899021666142	1.2925122024976354	3157173
23	0.00240325927734375	0.0035873724489795924	0.969469420670264	1544172
24	0.00240325927734375	0.005354911643957874	0.7724691468982505	4650330
25	0.00240325927734375	0.0035873724489795924	1.1794816654203852	1028207
26	0.00240325927734375	0.0035873724489795924	1.0864631667447275	419729
27	0.00240325927734375	0.00468554768846314	1.065857857940601	3701489
28	0.00240325927734375	0.00468554768846314	1.0116413851833488	1019948
29	0.00240325927734375	0.00274658203125	0.8699040545995561	504398
30	0.00240325927734375	0.004099854227405248	0.5438975860571336	3257263
31	0.00240325927734375	0.00274658203125	0.4115028919152935	1057437
32	0.00240325927734375	0.0035873724489795924	0.7148569160899233	448394
33	0.00240325927734375	0.00274658203125	0.5712260593395756	3131520
34	0.00240325927734375	0.003138950892857143	0.686942144626502	1670108
35	0.00240325927734375	0.003138950892857143	0.5051155787649115	417373
36	0.00240325927734375	0.00468554768846314	0.8720587652840096	3626297
37	0.00240325927734375	0.005354911643957874	1.2369600041076405	701034
38	0.00240325927734375	0.0035873724489795924	0.9428532274627103	456393
39	0.00240325927734375	0.00274658203125	0.40280709735251885	3454569
40	0.00240325927734375	0.004099854227405248	0.9234948073671841	937688
41	0.00240325927734375	0.00274658203125	0.9060434219226914	408549
42	0.00240325927734375	0.0035873724489795924	0.4358605586643549	3395488
0	0.00240325927734375	0.00240325927734375	0.38288381031244606	279211
