0	0.00240325927734375	0.0035873724489795924	0.8070412521005097	284396
1	0.00240325927734375	0.003138950892857143	0.5105102843732272	266703
2	0.00240325927734375	0.00240325927734375	0.7408269748993305	323622
3	0.00240325927734375	0.0035873724489795924	0.7108366841068481	256610
4	0.00240325927734375	0.003138950892857143	0.5619040897732602	294188
5	0.00240325927734375	0.004099854227405248	0.7439918209191354	337904
6	0.00240325927734375	0.0035873724489795924	0.925169479014451	330023
7	0.00240325927734375	0.003138950892857143	0.8929150890219418	328942
8	0.00240325927734375	0.004099854227405248	0.7344365583338349	352900
9	0.00240325927734375	0.0035873724489795924	0.6588402520167402	372892
10	0.00240325927734375	0.00468554768846314	1.0073541057928765	357780
11	0.00240325927734375	0.00468554768846314	1.1105206225345385	333205
12	0.00240325927734375	0.0035873724489795924	0.5915803652642293	342806
13	0.00240325927734375	0.005354911643957874	0.8586827731399579	325534
14	0.00240325927734375	0.00468554768846314	0.9428532274627103	329044
15	0.00240325927734375	0.0035873724489795924	0.6074127555416377	346365
16	0.00240325927734375	0.0035873724489795924	0.5953033681844802	320290
17	0.00240325927734375	0.004099854227405248	1.2526403437294586	375028
18	0.00240325927734375	0.00468554768846314	0.7362608247530769	338169
19	0.00240325927734375	0.004099854227405248	0.573962807042313	373236
20	0.00240325927734375	0.003138950892857143	0.6280179697604316	340479
21	0.00240325927734375	0.004099854227405248	0.9270388436215573	356653
22	0.00240325927734375	0.0035873724489795924	0.8187658479019673	343350
23	0.00240325927734375	0.004099854227405248	0.8874805362490151	341305
24	0.00240325927734375	0.005354911643957874	0.9630310700733117	344613
25	0.00240325927734375	0.00274658203125	0.8963737672929493	326155
26	0.00240325927734375	0.004099854227405248	0.3966839071762177	312824
27	0.00240325927734375	0.004185267857142856	0.954910379123306	345507
28	0.00240325927734375	0.00468554768846314	0.9869907284332688	387621
29	0.00240325927734375	0.004099854227405248	0.7782096530803472	330311
30	0.00240325927734375	0.0035873724489795924	0.7946188578547926	300756
31	0.00240325927734375	0.0035873724489795924	1.120576701774898	307495
32	0.00240325927734375	0.003138950892857143	0.8022180405199142	360240
33	0.00240325927734375	0.00274658203125	0.9201189910968213	295526
34	0.00240325927734375	0.004099854227405248	0.9548294185094259	370647
35	0.00240325927734375	0.00274658203125	0.4876556853819445	307501
36	0.00240325927734375	0.0035873724489795924	1.1158431654070868	338476
37	0.00240325927734375	0.0035873724489795924	0.7775069714144576	326514
38	0.00240325927734375	0.003138950892857143	0.7185472165735766	347550
39	0.00240325927734375	0.003138950892857143	0.5957011110120926	342857
40	0.00240325927734375	0.0035873724489795924	1.2831176066082965	297234
41	0.00240325927734375	0.003138950892857143	0.8525314001431632	336447
42	0.00240325927734375	0.0035873724489795924	0.6930496255740798	339476
43	0.00240325927734375	0.003138950892857143	0.5898933704546431	346618
44	0.00240325927734375	0.00468554768846314	0.9972999443692219	304321
45	0.00240325927734375	0.0035873724489795924	0.6119781743442333	348315
46	0.00240325927734375	0.0035873724489795924	0.8111024165790848	336316
47	0.00240325927734375	0.00240325927734375	0.7329071227033257	333262
48	0.00240325927734375	0.00468554768846314	1.0054909433061066	337675
49	0.00240325927734375	0.00468554768846314	0.9849480944536189	332398
50	0.00240325927734375	0.003138950892857143	0.8809369451211266	331085
51	0.00240325927734375	0.003138950892857143	0.9347665896704787	350995
52	0.00240325927734375	0.004099854227405248	0.5757774426010136	298502
53	0.00240325927734375	0.0035873724489795924	1.001053020721884	334015
54	0.00240325927734375	0.00274658203125	0.8682190604986966	331688
55	0.00240325927734375	0.00468554768846314	1.0469427497807635	341103
56	0.00240325927734375	0.0035873724489795924	0.6746930488384247	334401
57	0.00240325927734375	0.004099854227405248	0.6986454041652321	339382
58	0.00240325927734375	0.0035873724489795924	0.6074979806890326	350561
59	0.00240325927734375	0.005354911643957874	1.1524956460587987	330693
60	0.00240325927734375	0.005354911643957874	0.9132411225212023	348575
61	0.00240325927734375	0.0035873724489795924	0.3441138700103165	343021
62	0.00240325927734375	0.004099854227405248	0.9194702974245232	324348
63	0.00240325927734375	0.005354911643957874	0.9272409569288004	343040
64	0.00240325927734375	0.004099854227405248	0.8680003055937398	321736
65	0.00240325927734375	0.003138950892857143	0.7967098229730211	335544
66	0.00240325927734375	0.003138950892857143	0.4307214741276705	335033
67	0.00240325927734375	0.0035873724489795924	0.9632314381337564	343571
68	0.00240325927734375	0.003138950892857143	0.3966839071762177	380324
69	0.00240325927734375	0.0035873724489795924	1.0408962792941434	341337
70	0.00240325927734375	0.003138950892857143	0.8225404876204816	381426
71	0.00240325927734375	0.005466472303206997	0.9319532630959346	383602
72	0.00240325927734375	0.004099854227405248	0.7595956923875984	347201
73	0.00240325927734375	0.0035873724489795924	0.7376143021932487	352495
74	0.00240325927734375	0.003138950892857143	0.6580706665746365	347748
75	0.00240325927734375	0.0035873724489795924	0.9082906729907771	334584
76	0.00240325927734375	0.00240325927734375	0.6524579045988155	317305
77	0.00240325927734375	0.004099854227405248	0.8064057394022315	336870
78	0.00240325927734375	0.00468554768846314	0.682796597352417	341360
79	0.00240325927734375	0.003138950892857143	0.29411855649072083	381610
80	0.00240325927734375	0.00274658203125	0.7332331341776858	382212
81	0.00240325927734375	0.005354911643957874	0.6451327292467813	383290
82	0.00240325927734375	0.00274658203125	0.7985669103003665	377905
83	0.00240325927734375	0.0035873724489795924	1.0529043574349484	382274
84	0.00240325927734375	0.00274658203125	0.7164800807965885	352158
85	0.00240325927734375	0.003138950892857143	0.8551368402835844	344758
86	0.00240325927734375	0.004099854227405248	0.29411855649072083	307398
87	0.00240325927734375	0.004099854227405248	0.5615350858854704	350403
88	0.00240325927734375	0.003138950892857143	0.715803966495503	317196
89	0.00240325927734375	0.0047831632653061226	0.7800413432465235	302725
90	0.00240325927734375	0.00274658203125	0.7508378704341407	375286
91	0.00240325927734375	0.003138950892857143	0.2207872834051713	338535
92	0.00240325927734375	0.004099854227405248	0.6189357998887759	371083
93	0.00240325927734375	0.00274658203125	0.5126095839448059	373071
94	0.00240325927734375	0.004099854227405248	1.07279834453031	330922
95	0.00240325927734375	0.00468554768846314	0.6348663589710202	347386
96	0.00240325927734375	0.00274658203125	0.6125409717037203	326012
97	0.00240325927734375	0.004099854227405248	0.7275668085700445	349856
98	0.00240325927734375	0.0035873724489795924	0.7851377794984339	333135
28	0.00240325927734375	0.00240325927734375	0.6303083534375218	511597
29	0.00240325927734375	0.00240325927734375	0.8895111045200761	392220
30	0.00240325927734375	0.0035873724489795924	0.7630068283960101	4294313
0	0.00240325927734375	0.00274658203125	1.3083556398387903	268881
1	0.00240325927734375	0.004099854227405248	0.8922053832921163	238405
2	0.00240325927734375	0.00274658203125	0.9832223648854896	255669
3	0.00240325927734375	0.004099854227405248	0.4858296718783282	336001
4	0.00240325927734375	0.005354911643957874	0.8680003055937398	372536
5	0.00240325927734375	0.00274658203125	0.8907307119703716	279052
6	0.00240325927734375	0.0047831632653061226	0.8386827194137613	420630
7	0.00240325927734375	0.0035873724489795924	1.0797693770989454	318800
8	0.00240325927734375	0.004099854227405248	0.8048610475332676	357188
9	0.00240325927734375	0.00468554768846314	0.8623627748986834	1102646
10	0.00240325927734375	0.00240325927734375	0.5363619951580719	322215
11	0.00240325927734375	0.0035873724489795924	1.0643263626217905	330886
12	0.00240325927734375	0.004099854227405248	0.8797930944285738	1641522
13	0.00240325927734375	0.00274658203125	0.22858055408794858	829886
14	0.00240325927734375	0.006119899021666142	1.0343265213374107	506829
15	0.00240325927734375	0.004099854227405248	1.1493047917562418	2328058
16	0.00240325927734375	0.003138950892857143	0.6079588387919129	463481
17	0.00240325927734375	0.00240325927734375	0.6135260577177766	439810
18	0.00240325927734375	0.00240325927734375	0.7005649579847937	2582770
19	0.00240325927734375	0.003138950892857143	0.5316671508538642	471354
20	0.00240325927734375	0.0035873724489795924	0.22858055408794858	831663
21	0.00240325927734375	0.004099854227405248	0.9509299115105566	4594612
22	0.00240325927734375	0.0035873724489795924	0.8371220715258532	711607
