0	0.00240325927734375	0.0035873724489795924	0.8014442579664348	319754
1	0.00240325927734375	0.0035873724489795924	0.4614484735197566	271658
2	0.00240325927734375	0.004099854227405248	0.8684024762749174	312954
3	0.00240325927734375	0.0035873724489795924	0.9420962861943442	337312
4	0.00240325927734375	0.004099854227405248	0.8535904187602136	294994
5	0.00240325927734375	0.00468554768846314	0.8011054648787022	336930
6	0.00240325927734375	0.004099854227405248	1.0188155511839232	280425
7	0.00240325927734375	0.00468554768846314	0.7910998227613809	290224
8	0.00240325927734375	0.003138950892857143	0.7839682388186606	292553
9	0.00240325927734375	0.003138950892857143	0.26129515566389994	286497
10	0.00240325927734375	0.0035873724489795924	0.6922948885328926	302515
11	0.00240325927734375	0.00468554768846314	0.9855698633066738	298480
12	0.00240325927734375	0.0035873724489795924	0.7495075727986249	303751
13	0.00240325927734375	0.003138950892857143	0.47989498236885453	317502
14	0.00240325927734375	0.00468554768846314	1.101229617302445	275481
15	0.00240325927734375	0.004099854227405248	0.8624069174244311	295111
16	0.00240325927734375	0.003138950892857143	0.4894829601663889	332121
17	0.00240325927734375	0.00468554768846314	0.7574955987568914	260377
18	0.00240325927734375	0.006119899021666142	1.1310592586554284	324994
19	0.00240325927734375	0.003138950892857143	0.5902502818053489	298920
20	0.00240325927734375	0.0035873724489795924	0.7289300545238664	304720
21	0.00240325927734375	0.0035873724489795924	0.9280429258838119	313344
22	0.00240325927734375	0.0035873724489795924	0.7153830600247274	317412
23	0.00240325927734375	0.003138950892857143	0.6628173201961995	325897
24	0.00240325927734375	0.0035873724489795924	0.4705143080389149	266593
25	0.00240325927734375	0.004099854227405248	0.37199129458584634	333992
26	0.00240325927734375	0.005354911643957874	0.6648552371156095	274982
27	0.00240325927734375	0.004099854227405248	0.75611503874457	296533
28	0.00240325927734375	0.00468554768846314	1.0703779743634139	289120
29	0.00240325927734375	0.004099854227405248	0.6283007684592643	267076
30	0.00240325927734375	0.004099854227405248	0.8298657064369029	305109
31	0.00240325927734375	0.0035873724489795924	0.9576412050628095	293415
32	0.00240325927734375	0.0035873724489795924	0.594661361042725	315435
33	0.00240325927734375	0.0035873724489795924	0.9241476302407466	283075
34	0.00240325927734375	0.004099854227405248	1.016254280082936	300554
35	0.00240325927734375	0.004099854227405248	0.901511268939905	295903
36	0.00240325927734375	0.00274658203125	0.7033499019045232	302986
37	0.00240325927734375	0.003138950892857143	0.4140351812241149	302933
38	0.00240325927734375	0.00274658203125	0.7161452938815767	288760
39	0.00240325927734375	0.00468554768846314	0.6333731672144804	293458
40	0.00240325927734375	0.003138950892857143	0.9780138869261953	286307
41	0.00240325927734375	0.006119899021666142	0.6486059469237553	303221
42	0.00240325927734375	0.004099854227405248	0.5757774426010136	300510
43	0.00240325927734375	0.00468554768846314	0.8179680196907531	269199
44	0.00240325927734375	0.003138950892857143	1.0557492635937928	263613
45	0.00240325927734375	0.00274658203125	0.6750602575000808	278098
46	0.00240325927734375	0.00468554768846314	0.9961641821334134	296630
47	0.00240325927734375	0.0035873724489795924	0.7678701468856888	343985
48	0.00240325927734375	0.0035873724489795924	0.5641026275798399	334277
49	0.00240325927734375	0.003138950892857143	0.5945882147588508	289535
50	0.00240325927734375	0.004099854227405248	0.6342688642426048	267103
51	0.00240325927734375	0.004099854227405248	0.2207872834051713	260614
52	0.00240325927734375	0.004099854227405248	0.8011054648787022	298708
53	0.00240325927734375	0.00468554768846314	1.0850645294837131	286476
54	0.00240325927734375	0.003138950892857143	0.6834512404795346	281232
55	0.00240325927734375	0.003138950892857143	0.4871952555222384	221154
56	0.00240325927734375	0.005354911643957874	0.9139616976473315	291460
57	0.00240325927734375	0.00468554768846314	1.0073134165708704	298509
58	0.00240325927734375	0.003138950892857143	1.1295961381120636	328451
59	0.00240325927734375	0.0035873724489795924	0.7541483971669205	300315
60	0.00240325927734375	0.00468554768846314	0.7705533893840184	315139
61	0.00240325927734375	0.0035873724489795924	0.9708089188501011	291896
62	0.00240325927734375	0.00468554768846314	0.9117481115215244	290000
63	0.00240325927734375	0.00468554768846314	0.6980097920181575	298404
64	0.00240325927734375	0.00468554768846314	1.1843369543955775	294517
65	0.00240325927734375	0.0035873724489795924	0.6344324522427114	296020
66	0.00240325927734375	0.0035873724489795924	0.9573535064143714	252894
67	0.00240325927734375	0.004099854227405248	1.318930348379656	243296
68	0.00240325927734375	0.004099854227405248	0.6859444391123852	308888
69	0.00240325927734375	0.003138950892857143	0.9102064762399075	291846
70	0.00240325927734375	0.0035873724489795924	0.559357762060949	286733
71	0.00240325927734375	0.00240325927734375	0.7297648927213662	288334
72	0.00240325927734375	0.004099854227405248	1.024723380653144	258746
73	0.00240325927734375	0.004099854227405248	0.9464079389649209	334908
74	0.00240325927734375	0.00468554768846314	0.91501898596758	276565
75	0.00240325927734375	0.00240325927734375	0.9590701422736393	346434
76	0.00240325927734375	0.004099854227405248	0.720740839852452	341030
77	0.00240325927734375	0.0035873724489795924	0.6997073808099048	306522
78	0.00240325927734375	0.003138950892857143	0.5842435290330148	298713
79	0.00240325927734375	0.004099854227405248	0.7011111248010313	261405
80	0.00240325927734375	0.003138950892857143	0.6280179697604316	247299
81	0.00240325927734375	0.004099854227405248	0.63369547406758	248781
82	0.00240325927734375	0.0035873724489795924	1.1075851723568009	258172
83	0.00240325927734375	0.0035873724489795924	0.9087069037756641	274010
84	0.00240325927734375	0.005354911643957874	0.8269318613769505	260744
85	0.00240325927734375	0.004099854227405248	1.0808436465916957	337688
86	0.00240325927734375	0.00468554768846314	1.3008307327245008	283039
87	0.00240325927734375	0.003138950892857143	0.36879448250521546	320741
88	0.00240325927734375	0.003138950892857143	0.6057148240511083	305035
89	0.00240325927734375	0.00468554768846314	1.0602538530507872	292637
90	0.00240325927734375	0.00274658203125	0.4648618210715908	312131
91	0.00240325927734375	0.003138950892857143	0.620896954757578	296408
92	0.00240325927734375	0.004099854227405248	0.5486569155892225	288973
93	0.00240325927734375	0.0035873724489795924	0.5551845505692676	223083
94	0.00240325927734375	0.00274658203125	0.679250968251353	292263
95	0.00240325927734375	0.0035873724489795924	0.6162559286645557	253385
96	0.00240325927734375	0.00468554768846314	0.9855221583346183	289776
97	0.00240325927734375	0.0035873724489795924	0.7964213510783894	287726
98	0.00240325927734375	0.00468554768846314	1.1018376067691522	278699
99	0.00240325927734375	0.003138950892857143	0.5862429475892403	279564
100	0.00240325927734375	0.005354911643957874	0.6067701353765611	281733
101	0.00240325927734375	0.0035873724489795924	0.7333792418800616	333087
102	0.00240325927734375	0.003138950892857143	0.7071598277099005	305090
103	0.00240325927734375	0.00468554768846314	1.1075851723568009	329295
104	0.00240325927734375	0.006119899021666142	0.9455774586323304	300081
105	0.00240325927734375	0.00468554768846314	0.6067701353765611	291843
106	0.00240325927734375	0.00468554768846314	0.7979244615333643	305017
107	0.00240325927734375	0.004185267857142856	0.7236311906561369	241731
108	0.00240325927734375	0.0035873724489795924	0.8807145110946748	279570
109	0.00240325927734375	0.00274658203125	0.9237472866203794	270535
110	0.00240325927734375	0.003138950892857143	0.8711536725529503	257853
111	0.00240325927734375	0.00468554768846314	1.0872267523327055	291202
112	0.00240325927734375	0.00468554768846314	0.8290986118529269	272819
113	0.00240325927734375	0.00240325927734375	0.40301095753191163	278453
3	0.00240325927734375	0.0035873724489795924	0.7948602392183894	3634359
4	0.00240325927734375	0.003138950892857143	0.8007718909201735	452430
5	0.00240325927734375	0.004099854227405248	0.8037262531341928	356956
6	0.00240325927734375	0.0035873724489795924	0.798870033592171	4000711
7	0.00240325927734375	0.00468554768846314	0.8699353445379061	653412
8	0.00240325927734375	0.00274658203125	0.8187658479019673	414772
9	0.00240325927734375	0.003138950892857143	0.45541408671804184	4180958
10	0.00240325927734375	0.0035873724489795924	0.7582014755907381	512858
11	0.00240325927734375	0.00468554768846314	0.8680003055937398	419362
12	0.00240325927734375	0.006119899021666142	0.7403904235932837	4141109
13	0.00240325927734375	0.003138950892857143	0.7094622104816076	526957
