0	0.00240325927734375	0.003138950892857143	0.6288556659146406	285842
1	0.00240325927734375	0.0035873724489795924	0.9997176880608332	267730
2	0.00240325927734375	0.00274658203125	0.74835098366855	312846
3	0.00240325927734375	0.0035873724489795924	0.6731022321791613	306107
4	0.00240325927734375	0.003138950892857143	1.0730165964211322	316093
5	0.00240325927734375	0.004099854227405248	1.2139135811529231	337273
6	0.00240325927734375	0.00468554768846314	0.9620674211474946	302450
7	0.00240325927734375	0.0035873724489795924	0.8874805362490151	337332
8	0.00240325927734375	0.0035873724489795924	0.635782759994945	267539
9	0.00240325927734375	0.004099854227405248	0.5698244378957862	332619
10	0.00240325927734375	0.005354911643957874	0.7328105212229479	273887
11	0.00240325927734375	0.004099854227405248	0.8521759104124148	266172
12	0.00240325927734375	0.00468554768846314	0.8297158704907285	287963
13	0.00240325927734375	0.004099854227405248	0.9673875442234835	305528
14	0.00240325927734375	0.004099854227405248	0.9315260789131863	303325
15	0.00240325927734375	0.004099854227405248	0.7809417518286365	291948
16	0.00240325927734375	0.003138950892857143	0.5486569155892225	306361
17	0.00240325927734375	0.0035873724489795924	0.22858055408794858	288292
18	0.00240325927734375	0.00468554768846314	0.7776390064560588	301564
19	0.00240325927734375	0.0035873724489795924	1.0869636872637125	312433
20	0.00240325927734375	0.0035873724489795924	0.9405352131083147	315329
21	0.00240325927734375	0.003138950892857143	0.7830521981101183	269394
22	0.00240325927734375	0.0035873724489795924	1.0479367090709961	302116
23	0.00240325927734375	0.0035873724489795924	0.9201189910968213	285770
24	0.00240325927734375	0.0035873724489795924	0.8276662954036069	304852
25	0.00240325927734375	0.003138950892857143	0.8137005715497756	305736
26	0.00240325927734375	0.0035873724489795924	0.7362608247530769	292368
27	0.00240325927734375	0.003138950892857143	0.26129515566389994	297103
28	0.00240325927734375	0.003138950892857143	0.5476805354180074	272206
29	0.00240325927734375	0.0035873724489795924	0.6598978464616041	312328
30	0.00240325927734375	0.00274658203125	0.6547770758776341	276011
31	0.00240325927734375	0.0035873724489795924	0.9567121953858699	286737
32	0.00240325927734375	0.0035873724489795924	0.6781585653026645	308074
33	0.00240325927734375	0.004099854227405248	0.707570552947323	285871
34	0.00240325927734375	0.004099854227405248	0.5229092028783412	300712
35	0.00240325927734375	0.00274658203125	0.6333731672144804	265465
36	0.00240325927734375	0.005354911643957874	0.8148327828200399	313318
37	0.00240325927734375	0.00468554768846314	0.7942134106570087	271456
38	0.00240325927734375	0.005354911643957874	0.8535713118027233	314600
39	0.00240325927734375	0.003138950892857143	0.44421749349124495	308403
40	0.00240325927734375	0.004099854227405248	0.7176602883672526	307517
41	0.00240325927734375	0.003138950892857143	0.3702963559559602	311395
42	0.00240325927734375	0.005354911643957874	1.1677075443198632	346041
43	0.00240325927734375	0.004099854227405248	0.8837182966855165	309090
44	0.00240325927734375	0.006119899021666142	1.0776832440020596	285210
45	0.00240325927734375	0.0035873724489795924	0.3441138700103165	283108
46	0.00240325927734375	0.003138950892857143	0.5372114771828889	319506
47	0.00240325927734375	0.00274658203125	1.1002690380403002	317840
48	0.00240325927734375	0.003138950892857143	0.46105833933866197	305874
49	0.00240325927734375	0.0035873724489795924	0.8833640899533288	345530
50	0.00240325927734375	0.00274658203125	0.7508378704341407	301728
51	0.00240325927734375	0.005354911643957874	0.8447152653334721	295205
52	0.00240325927734375	0.003138950892857143	1.0644561419532685	269984
53	0.00240325927734375	0.0035873724489795924	0.8095156359573589	304113
54	0.00240325927734375	0.00274658203125	0.4043216966243352	291361
55	0.00240325927734375	0.0035873724489795924	1.0499571532638965	306747
56	0.00240325927734375	0.0035873724489795924	0.788408151226556	342255
57	0.00240325927734375	0.00468554768846314	0.9428532274627103	303823
58	0.00240325927734375	0.003138950892857143	0.26129515566389994	304386
59	0.00240325927734375	0.003138950892857143	0.9313616313582265	301677
60	0.00240325927734375	0.004099854227405248	0.7254561775209746	265320
61	0.00240325927734375	0.003138950892857143	0.8059729588567663	311397
62	0.00240325927734375	0.004099854227405248	0.7936086998728679	301306
63	0.00240325927734375	0.004099854227405248	0.9374621640360172	270015
64	0.00240325927734375	0.00274658203125	0.80014328877491	286503
65	0.00240325927734375	0.0035873724489795924	1.0329622975704675	263841
66	0.00240325927734375	0.005354911643957874	0.8991628336168439	310372
67	0.00240325927734375	0.003138950892857143	0.662859774407035	330999
68	0.00240325927734375	0.004099854227405248	0.6770712723003275	294051
69	0.00240325927734375	0.004099854227405248	0.6328168484142378	290233
70	0.00240325927734375	0.0035873724489795924	0.6637622058578585	338579
71	0.00240325927734375	0.005354911643957874	1.1517451663156149	297402
72	0.00240325927734375	0.005354911643957874	0.8753972880241917	306998
73	0.00240325927734375	0.004099854227405248	1.1176842519057044	291975
74	0.00240325927734375	0.0035873724489795924	1.018203092919257	303475
75	0.00240325927734375	0.00468554768846314	0.9341076216030078	309263
76	0.00240325927734375	0.003138950892857143	0.6525341219862626	305176
77	0.00240325927734375	0.003138950892857143	0.6963537400914321	294661
78	0.00240325927734375	0.00468554768846314	0.7630068283960101	317687
79	0.00240325927734375	0.003138950892857143	1.0179609417029984	306023
80	0.00240325927734375	0.004099854227405248	0.8651536025005631	291302
81	0.00240325927734375	0.0035873724489795924	0.7937356001625933	285017
82	0.00240325927734375	0.00468554768846314	0.8494226567744323	306914
83	0.00240325927734375	0.00274658203125	0.22858055408794858	339356
84	0.00240325927734375	0.003138950892857143	1.118976377053204	293157
85	0.00240325927734375	0.00274658203125	0.3185994521415336	314521
86	0.00240325927734375	0.0035873724489795924	0.6107426521731344	317207
87	0.00240325927734375	0.004099854227405248	0.9688118333757038	287326
88	0.00240325927734375	0.004099854227405248	0.9012349270039088	311517
89	0.00240325927734375	0.004099854227405248	1.0010788861590412	311666
90	0.00240325927734375	0.00274658203125	0.6128421852987456	241663
91	0.00240325927734375	0.0035873724489795924	1.0724735867565043	241908
92	0.00240325927734375	0.003138950892857143	0.8521759104124148	305173
93	0.00240325927734375	0.004099854227405248	0.7940243502023173	288028
94	0.00240325927734375	0.005354911643957874	1.0338567172560875	292236
95	0.00240325927734375	0.00468554768846314	0.9078040015292315	275735
96	0.00240325927734375	0.00468554768846314	0.7209463798799964	337058
97	0.00240325927734375	0.005354911643957874	1.169084049540585	336247
98	0.00240325927734375	0.004099854227405248	0.8427797378712145	333396
99	0.00240325927734375	0.00468554768846314	0.7850955772710624	294300
100	0.00240325927734375	0.00468554768846314	0.8663170998048271	299828
101	0.00240325927734375	0.00468554768846314	0.7260488631284274	266587
102	0.00240325927734375	0.003138950892857143	0.794991004294901	312425
103	0.00240325927734375	0.00468554768846314	1.0300692806408542	262984
104	0.00240325927734375	0.0035873724489795924	0.47459189989497363	242376
105	0.00240325927734375	0.003138950892857143	1.0679732446309855	296499
106	0.00240325927734375	0.0035873724489795924	0.9634500106347976	296016
107	0.00240325927734375	0.003138950892857143	0.3850903346964476	274603
108	0.00240325927734375	0.00274658203125	0.2207872834051713	303102
109	0.00240325927734375	0.003138950892857143	0.8933324984997155	293737
110	0.00240325927734375	0.00468554768846314	0.7017521242029752	282489
111	0.00240325927734375	0.0035873724489795924	1.1298448314336218	332657
14	0.00240325927734375	0.004099854227405248	1.0268780336728773	419358
15	0.00240325927734375	0.004099854227405248	0.8297158704907285	4411649
16	0.00240325927734375	0.0035873724489795924	0.9490152365863209	697155
17	0.00240325927734375	0.003138950892857143	0.43214721949563945	476568
18	0.00240325927734375	0.0035873724489795924	0.6463112831801456	4036512
19	0.00240325927734375	0.0035873724489795924	0.6458327436661084	649925
20	0.00240325927734375	0.00274658203125	0.5945882147588508	1035639
0	0.00240325927734375	0.00274658203125	0.7382924252352308	380899
1	0.00240325927734375	0.0035873724489795924	0.9048117706315918	805254
2	0.00240325927734375	0.003138950892857143	0.9685491076866579	1989233
3	0.00240325927734375	0.00468554768846314	0.7754530080316797	2045299
4	0.00240325927734375	0.004099854227405248	0.797126159197914	976220
5	0.00240325927734375	0.0035873724489795924	1.2676849583336725	672522
