0	0.00240325927734375	0.00468554768846314	1.0879978554554974	373659
1	0.00240325927734375	0.0035873724489795924	0.7205621479966758	311128
2	0.00240325927734375	0.003138950892857143	1.0464360141722733	280218
3	0.00240325927734375	0.003138950892857143	1.0696306500183113	322194
4	0.00240325927734375	0.006119899021666142	0.573962807042313	363735
5	0.00240325927734375	0.003138950892857143	0.9005193543398121	311313
6	0.00240325927734375	0.004099854227405248	0.7724691468982505	321832
7	0.00240325927734375	0.003138950892857143	0.4216151515430648	303891
8	0.00240325927734375	0.004099854227405248	1.2236722506336024	317006
9	0.00240325927734375	0.00274658203125	0.5081004792861414	273941
10	0.00240325927734375	0.00274658203125	0.7699925478226405	267493
11	0.00240325927734375	0.00240325927734375	0.8224767232255575	261003
12	0.00240325927734375	0.00274658203125	0.5213300879571756	274110
13	0.00240325927734375	0.003138950892857143	1.1740979896210197	358625
14	0.00240325927734375	0.0035873724489795924	0.6915548535926916	362149
15	0.00240325927734375	0.004099854227405248	0.950153172673653	313614
16	0.00240325927734375	0.00468554768846314	0.7678701468856888	312936
17	0.00240325927734375	0.00274658203125	0.9145120640451966	286617
18	0.00240325927734375	0.0035873724489795924	0.758125668227176	350429
19	0.00240325927734375	0.00468554768846314	0.6770712723003275	323984
20	0.00240325927734375	0.003138950892857143	0.5650910707720596	304329
21	0.00240325927734375	0.0035873724489795924	0.7187482815033093	327202
22	0.00240325927734375	0.0035873724489795924	0.9100303299978004	322130
23	0.00240325927734375	0.00468554768846314	0.5723611479129064	312742
24	0.00240325927734375	0.0035873724489795924	0.8943930176247491	303256
25	0.00240325927734375	0.00468554768846314	0.6588402520167402	326111
26	0.00240325927734375	0.004099854227405248	0.7583985900148502	300793
27	0.00240325927734375	0.00468554768846314	0.626593298130014	321095
28	0.00240325927734375	0.00274658203125	0.5192845589394408	329387
29	0.00240325927734375	0.003138950892857143	1.145032522406396	284296
30	0.00240325927734375	0.004099854227405248	0.7208623245648208	369571
31	0.00240325927734375	0.003138950892857143	0.6970482110580039	332192
32	0.00240325927734375	0.004099854227405248	0.711994084723933	319847
33	0.00240325927734375	0.0035873724489795924	0.6859444391123852	360179
34	0.00240325927734375	0.003138950892857143	1.0694769810493336	322966
35	0.00240325927734375	0.003138950892857143	0.979029797389596	324905
36	0.00240325927734375	0.003138950892857143	0.4216151515430648	315543
37	0.00240325927734375	0.0035873724489795924	0.8417625898440853	310763
38	0.00240325927734375	0.0035873724489795924	0.7132405897528507	282008
39	0.00240325927734375	0.003138950892857143	0.44310970425036134	278186
40	0.00240325927734375	0.00468554768846314	0.9222150520094539	288015
41	0.00240325927734375	0.0035873724489795924	0.7718183246301525	351662
42	0.00240325927734375	0.005354911643957874	0.9233127614206286	296583
43	0.00240325927734375	0.005354911643957874	0.7258381371767471	311551
44	0.00240325927734375	0.00468554768846314	1.1927034021505007	309288
45	0.00240325927734375	0.0035873724489795924	0.9376543639475531	312260
46	0.00240325927734375	0.0035873724489795924	1.0143260460845362	317845
47	0.00240325927734375	0.003138950892857143	0.7823338507602664	332359
48	0.00240325927734375	0.00468554768846314	0.9385709621312235	303618
49	0.00240325927734375	0.00240325927734375	0.5316671508538642	314309
50	0.00240325927734375	0.00274658203125	0.5051155787649115	296874
51	0.00240325927734375	0.00468554768846314	0.8753972880241917	339929
52	0.00240325927734375	0.004099854227405248	0.5706569657515563	289184
53	0.00240325927734375	0.0047831632653061226	0.9413368734738445	258485
54	0.00240325927734375	0.00468554768846314	0.8566846926384754	273680
55	0.00240325927734375	0.004099854227405248	0.9074092587693858	304634
56	0.00240325927734375	0.003138950892857143	0.5567469950094024	319121
57	0.00240325927734375	0.004099854227405248	0.5954285011384068	308876
58	0.00240325927734375	0.00468554768846314	1.0078187654054807	305211
59	0.00240325927734375	0.004099854227405248	0.641921615407157	304823
60	0.00240325927734375	0.005354911643957874	0.9935720032984712	327747
61	0.00240325927734375	0.004099854227405248	1.3145986671515089	284998
62	0.00240325927734375	0.0035873724489795924	0.696374332443872	321061
63	0.00240325927734375	0.004099854227405248	0.5957011110120926	372489
64	0.00240325927734375	0.0035873724489795924	1.0078037207817798	360961
65	0.00240325927734375	0.004099854227405248	0.9520371671990743	339214
66	0.00240325927734375	0.004099854227405248	0.7720180866333154	368485
67	0.00240325927734375	0.0035873724489795924	0.7301225909934315	238732
68	0.00240325927734375	0.004099854227405248	0.8070412521005097	337555
69	0.00240325927734375	0.003138950892857143	0.5242764158818288	305297
70	0.00240325927734375	0.00468554768846314	0.8148327828200399	307563
71	0.00240325927734375	0.004099854227405248	0.5213300879571756	306476
72	0.00240325927734375	0.003138950892857143	0.5874149872554738	332144
73	0.00240325927734375	0.005354911643957874	1.2017524437164897	334713
74	0.00240325927734375	0.00274658203125	0.4798413711438436	372268
75	0.00240325927734375	0.003138950892857143	0.7194973450158514	331291
76	0.00240325927734375	0.00274658203125	0.6112513686394822	322696
77	0.00240325927734375	0.003138950892857143	0.6030838907072111	327513
78	0.00240325927734375	0.0035873724489795924	0.46953556677147046	290008
79	0.00240325927734375	0.003138950892857143	0.8359610071210897	312066
80	0.00240325927734375	0.00274658203125	0.7875627101887046	237873
81	0.00240325927734375	0.003138950892857143	0.8037652788611146	349434
82	0.00240325927734375	0.00468554768846314	0.9878545312167349	307893
83	0.00240325927734375	0.00274658203125	0.7065238832128781	265713
84	0.00240325927734375	0.0035873724489795924	0.7831699225545163	308267
85	0.00240325927734375	0.003138950892857143	0.686065351567182	307110
86	0.00240325927734375	0.004099854227405248	0.7288313822741609	312891
87	0.00240325927734375	0.003138950892857143	0.5650910707720596	336466
88	0.00240325927734375	0.005466472303206997	0.7782096530803472	319460
89	0.00240325927734375	0.0035873724489795924	0.8996212109755588	321220
90	0.00240325927734375	0.0035873724489795924	0.9366738366948646	330042
91	0.00240325927734375	0.004099854227405248	0.8652396890456739	323398
92	0.00240325927734375	0.00468554768846314	0.7517702901971454	314718
93	0.00240325927734375	0.003138950892857143	0.9358260537786373	314191
94	0.00240325927734375	0.00468554768846314	0.8918440894731335	291412
95	0.00240325927734375	0.005354911643957874	1.007971722726053	240765
96	0.00240325927734375	0.00274658203125	1.0526787266170805	323396
97	0.00240325927734375	0.003138950892857143	0.9238042441996767	304550
98	0.00240325927734375	0.0035873724489795924	0.8651536025005631	265220
99	0.00240325927734375	0.003138950892857143	0.6030838907072111	343608
100	0.00240325927734375	0.00274658203125	0.6054858133992109	305994
101	0.00240325927734375	0.00468554768846314	0.9520371671990743	282872
102	0.00240325927734375	0.004099854227405248	1.0427279586126166	332736
103	0.00240325927734375	0.0035873724489795924	0.5191529685340931	326771
104	0.00240325927734375	0.0035873724489795924	0.884784464640519	292591
105	0.00240325927734375	0.00274658203125	0.5438455811244645	311428
106	0.00240325927734375	0.005354911643957874	1.1483398509355107	299949
6	0.00240325927734375	0.004099854227405248	0.7763992546488784	1770896
7	0.00240325927734375	0.00468554768846314	0.9969110755257659	564928
8	0.00240325927734375	0.003138950892857143	0.6277765032975824	2155544
9	0.00240325927734375	0.00468554768846314	1.0884547140887804	5386526
10	0.00240325927734375	0.0035873724489795924	1.02190413293828	606106
11	0.00240325927734375	0.004099854227405248	0.641921615407157	407776
12	0.00240325927734375	0.005354911643957874	0.5592582483653494	4344293
13	0.00240325927734375	0.003138950892857143	0.6451327292467813	732429
14	0.00240325927734375	0.0035873724489795924	1.1318803665531711	889991
15	0.00240325927734375	0.004185267857142856	0.6901763035950244	4356432
16	0.00240325927734375	0.006119899021666142	1.2896552159141697	429168
17	0.00240325927734375	0.003138950892857143	0.8860383864463341	470710
18	0.00240325927734375	0.0035873724489795924	0.9823920132939029	4208597
19	0.00240325927734375	0.00468554768846314	0.9776865862453658	390503
20	0.00240325927734375	0.003138950892857143	0.7022014087356845	460320
21	0.00240325927734375	0.005354911643957874	0.7328105212229479	4298657
22	0.00240325927734375	0.003138950892857143	0.6236337952085094	544944
23	0.00240325927734375	0.0035873724489795924	0.6298314151396802	766879
