0	0.00240325927734375	0.005354911643957874	0.8883177168330967	276734
1	0.00240325927734375	0.004099854227405248	0.8359610071210897	265257
2	0.00240325927734375	0.003138950892857143	0.9875349042263515	255174
3	0.00240325927734375	0.0035873724489795924	0.821441516771252	505214
4	0.00240325927734375	0.00274658203125	0.7964213510783894	367418
5	0.00240325927734375	0.004099854227405248	0.8362583808680021	270619
6	0.00240325927734375	0.00468554768846314	0.7444844515535107	1770466
7	0.00240325927734375	0.003138950892857143	0.7690028853645818	449360
8	0.00240325927734375	0.003138950892857143	0.6681781939583111	393289
9	0.00240325927734375	0.0035873724489795924	0.799476530929319	2751834
10	0.00240325927734375	0.004099854227405248	0.7961510226531423	773839
11	0.00240325927734375	0.00274658203125	0.4146291755846023	597720
12	0.00240325927734375	0.004099854227405248	0.7613660933516148	3887145
13	0.00240325927734375	0.00468554768846314	0.6451327292467813	403902
14	0.00240325927734375	0.0035873724489795924	1.3155693106887414	355170
15	0.00240325927734375	0.005354911643957874	1.0057162110504019	2544421
16	0.00240325927734375	0.004099854227405248	0.6344324522427114	572424
17	0.00240325927734375	0.00468554768846314	1.1405061566632517	765947
18	0.00240325927734375	0.004099854227405248	0.554445230212033	1724263
19	0.00240325927734375	0.003138950892857143	0.82842690305246	496838
20	0.00240325927734375	0.0035873724489795924	1.0324527176799556	610885
21	0.00240325927734375	0.005354911643957874	1.1031570050425974	3465223
22	0.00240325927734375	0.004099854227405248	0.8789558185945736	436078
23	0.00240325927734375	0.0035873724489795924	0.6112513686394822	397440
24	0.00240325927734375	0.003138950892857143	0.635782759994945	4311523
25	0.00240325927734375	0.005354911643957874	0.6084305264741027	393968
26	0.00240325927734375	0.00274658203125	0.7097705947614472	421014
27	0.00240325927734375	0.0035873724489795924	0.3441138700103165	3932101
28	0.00240325927734375	0.003138950892857143	0.5169954825889849	687486
29	0.00240325927734375	0.00274658203125	0.675006914576907	529613
30	0.00240325927734375	0.00240325927734375	0.8016569737340982	4758989
31	0.00240325927734375	0.0035873724489795924	0.84001356358141	661457
32	0.00240325927734375	0.004099854227405248	0.8844014569853184	589365
33	0.00240325927734375	0.004099854227405248	0.6674234191451528	1241919
34	0.00240325927734375	0.0035873724489795924	1.1383737706502965	353842
35	0.00240325927734375	0.003138950892857143	0.7185472165735766	355670
36	0.00240325927734375	0.00274658203125	0.506887047309832	360408
37	0.00240325927734375	0.00468554768846314	0.8269318613769505	354664
38	0.00240325927734375	0.004099854227405248	0.9116467167693133	357841
39	0.00240325927734375	0.0035873724489795924	0.8882967220972579	358572
40	0.00240325927734375	0.004099854227405248	0.8141748312938346	356320
41	0.00240325927734375	0.005354911643957874	0.7718346639620645	354631
42	0.00240325927734375	0.003138950892857143	0.4307214741276705	358276
43	0.00240325927734375	0.003138950892857143	0.8978705540768555	351494
44	0.00240325927734375	0.00468554768846314	0.8793176514714681	358242
45	0.00240325927734375	0.004099854227405248	1.027520990400705	357154
46	0.00240325927734375	0.003138950892857143	0.5315505787187041	359725
47	0.00240325927734375	0.003138950892857143	0.873613050512116	487201
48	0.00240325927734375	0.005354911643957874	0.9372753161150067	726277
49	0.00240325927734375	0.0035873724489795924	0.7288313822741609	528172
50	0.00240325927734375	0.004099854227405248	1.160009152574696	598265
51	0.00240325927734375	0.003138950892857143	0.5572653352020441	1024401
52	0.00240325927734375	0.00468554768846314	0.5438455811244645	661591
53	0.00240325927734375	0.00274658203125	0.7209463798799964	645322
54	0.00240325927734375	0.00468554768846314	0.9024196828431963	637262
55	0.00240325927734375	0.005354911643957874	0.5882051637578561	460052
56	0.00240325927734375	0.004099854227405248	0.8652396890456739	544828
57	0.00240325927734375	0.0035873724489795924	0.8018694085001372	481321
58	0.00240325927734375	0.003138950892857143	0.7097705947614472	517129
59	0.00240325927734375	0.0035873724489795924	0.9154922725634049	656463
60	0.00240325927734375	0.004099854227405248	0.7258381371767471	694083
61	0.00240325927734375	0.005354911643957874	1.2315293586643516	553715
62	0.00240325927734375	0.00274658203125	0.841609259362512	513871
63	0.00240325927734375	0.005354911643957874	1.0110500164730012	715910
64	0.00240325927734375	0.004099854227405248	0.5757774426010136	459556
65	0.00240325927734375	0.003138950892857143	0.6251818169507557	485912
66	0.00240325927734375	0.0035873724489795924	0.44310970425036134	645875
67	0.00240325927734375	0.003138950892857143	0.32335263409066817	497555
68	0.00240325927734375	0.004099854227405248	0.9289433466265185	534196
69	0.00240325927734375	0.00468554768846314	0.9938426429436865	747699
70	0.00240325927734375	0.004099854227405248	0.9559734498717378	528257
71	0.00240325927734375	0.00240325927734375	0.5902502818053489	488799
72	0.00240325927734375	0.005354911643957874	0.9272409569288004	720466
73	0.00240325927734375	0.005354911643957874	0.6346335424485795	456025
74	0.00240325927734375	0.005354911643957874	0.6806215359510435	472961
75	0.00240325927734375	0.004099854227405248	0.6342688642426048	753951
76	0.00240325927734375	0.00468554768846314	0.5846438992057731	522375
77	0.00240325927734375	0.0035873724489795924	0.9374621640360172	478390
78	0.00240325927734375	0.00468554768846314	0.8211933766889251	635024
79	0.00240325927734375	0.004099854227405248	0.6067701353765611	527990
80	0.00240325927734375	0.004099854227405248	1.0879622909551663	554107
81	0.00240325927734375	0.0035873724489795924	0.6818207145066544	771784
82	0.00240325927734375	0.004099854227405248	0.6363576020693049	522417
83	0.00240325927734375	0.0047831632653061226	0.8630579161736927	579814
84	0.00240325927734375	0.00274658203125	0.26129515566389994	518119
85	0.00240325927734375	0.0035873724489795924	0.7530068746976755	501205
86	0.00240325927734375	0.004099854227405248	0.3527599326579586	504211
87	0.00240325927734375	0.00468554768846314	0.9641453894666738	985632
88	0.00240325927734375	0.005354911643957874	0.8810202435100394	560147
89	0.00240325927734375	0.006119899021666142	0.8883177168330967	558786
90	0.00240325927734375	0.004099854227405248	0.8235301377359273	1197405
91	0.00240325927734375	0.003138950892857143	0.454480653946287	442391
92	0.00240325927734375	0.00274658203125	0.5022648752979952	439909
93	0.00240325927734375	0.004099854227405248	0.85601789491277	665066
94	0.00240325927734375	0.00274658203125	1.0890602429947307	490323
95	0.00240325927734375	0.0035873724489795924	1.0494019546223297	494937
96	0.00240325927734375	0.0035873724489795924	0.8616758384294778	548894
97	0.00240325927734375	0.003138950892857143	0.3280673200675872	547076
98	0.00240325927734375	0.003138950892857143	0.8496185321850398	532392
99	0.00240325927734375	0.0035873724489795924	0.7858815712676077	921215
100	0.00240325927734375	0.00274658203125	1.0685463606474228	482767
101	0.00240325927734375	0.00468554768846314	0.6186993874108424	520625
102	0.00240325927734375	0.005354911643957874	0.8269318613769505	754464
13	0.00240325927734375	0.00468554768846314	1.068543607172861	738140
14	0.00240325927734375	0.004099854227405248	0.5954285011384068	838844
15	0.00240325927734375	0.0035873724489795924	0.40301095753191163	3593766
16	0.00240325927734375	0.00468554768846314	1.134321429352676	860412
17	0.00240325927734375	0.0035873724489795924	0.8830776788031564	714252
18	0.00240325927734375	0.00274658203125	1.0732987182418232	3539162
19	0.00240325927734375	0.00274658203125	0.5965766233672192	686251
20	0.00240325927734375	0.00274658203125	0.46953556677147046	556597
21	0.00240325927734375	0.003138950892857143	0.6073575892486077	3253247
22	0.00240325927734375	0.004099854227405248	1.0341948085878419	716194
23	0.00240325927734375	0.00274658203125	0.7209463798799964	538613
24	0.00240325927734375	0.00468554768846314	0.7619859371767089	3833757
25	0.00240325927734375	0.0035873724489795924	0.9108746213035527	1091676
26	0.00240325927734375	0.005354911643957874	0.6648552371156095	1400167
27	0.00240325927734375	0.00468554768846314	0.5893387435099808	3324010
28	0.00240325927734375	0.003138950892857143	0.7992294999022599	1161898
29	0.00240325927734375	0.004099854227405248	0.6648552371156095	1010321
0	0.00240325927734375	0.00468554768846314	1.1418446956575463	279087
1	0.00240325927734375	0.00240325927734375	0.7382924252352308	268531
2	0.00240325927734375	0.0035873724489795924	0.5191529685340931	267556
3	0.00240325927734375	0.00274658203125	0.7580118956197238	307869
4	0.00240325927734375	0.00468554768846314	0.5746429876726563	266585
