0	0.00240325927734375	0.00274658203125	0.9252090753432672	259648
1	0.00240325927734375	0.005354911643957874	0.9420219131666361	285920
2	0.00240325927734375	0.0035873724489795924	0.8895097723613143	273050
3	0.00240325927734375	0.004099854227405248	0.7684305123351599	262660
4	0.00240325927734375	0.00468554768846314	0.8329968930779454	245091
5	0.00240325927734375	0.005354911643957874	1.0321587262717475	260033
6	0.00240325927734375	0.003138950892857143	0.5775187919289021	247403
7	0.00240325927734375	0.004099854227405248	0.6328168484142378	250322
8	0.00240325927734375	0.004099854227405248	0.7998423381753974	296155
9	0.00240325927734375	0.0047831632653061226	1.027663068558194	284036
10	0.00240325927734375	0.005354911643957874	0.5895170305537488	268812
11	0.00240325927734375	0.0035873724489795924	1.1047708089744894	276112
12	0.00240325927734375	0.003138950892857143	0.7254561775209746	279178
13	0.00240325927734375	0.00468554768846314	0.768309910869891	292626
14	0.00240325927734375	0.0035873724489795924	1.0435102034913142	306176
15	0.00240325927734375	0.0035873724489795924	0.8070412521005097	274714
16	0.00240325927734375	0.003138950892857143	0.837699413704979	285004
17	0.00240325927734375	0.00468554768846314	0.5105102843732272	296834
18	0.00240325927734375	0.003138950892857143	0.9916963645325402	306713
19	0.00240325927734375	0.00468554768846314	0.5895170305537488	300771
20	0.00240325927734375	0.003138950892857143	0.4358605586643549	312828
21	0.00240325927734375	0.005354911643957874	0.9961641821334134	351732
22	0.00240325927734375	0.004099854227405248	1.1031570050425974	311213
23	0.00240325927734375	0.00240325927734375	0.7352289912611724	333152
24	0.00240325927734375	0.005354911643957874	0.5486569155892225	319869
25	0.00240325927734375	0.00274658203125	0.9438613674212255	288957
26	0.00240325927734375	0.0035873724489795924	0.7442915711679607	314388
27	0.00240325927734375	0.003138950892857143	0.8022180405199142	354394
28	0.00240325927734375	0.004099854227405248	0.5669664423045907	316023
29	0.00240325927734375	0.005466472303206997	1.2562527016308982	328174
30	0.00240325927734375	0.003138950892857143	0.6970264832890722	311732
31	0.00240325927734375	0.004099854227405248	0.8018694085001372	303298
32	0.00240325927734375	0.00468554768846314	1.0249314181902678	307502
33	0.00240325927734375	0.00468554768846314	1.0410136030359964	304098
34	0.00240325927734375	0.0035873724489795924	0.7678701468856888	327684
35	0.00240325927734375	0.00468554768846314	1.045178109393836	336082
36	0.00240325927734375	0.00468554768846314	1.0055996424773332	305608
37	0.00240325927734375	0.003138950892857143	0.4596471859326845	317972
38	0.00240325927734375	0.0035873724489795924	0.5105102843732272	319711
39	0.00240325927734375	0.00274658203125	0.6415565101277999	322606
40	0.00240325927734375	0.00240325927734375	0.3949968548992396	365653
41	0.00240325927734375	0.0035873724489795924	0.6150695573229844	361861
42	0.00240325927734375	0.00274658203125	0.22858055408794858	329015
43	0.00240325927734375	0.00468554768846314	0.7288313822741609	310239
44	0.00240325927734375	0.0035873724489795924	0.8581948058276367	314164
45	0.00240325927734375	0.004099854227405248	0.6112910728296638	259991
46	0.00240325927734375	0.0035873724489795924	1.1183292479057882	327742
47	0.00240325927734375	0.00274658203125	0.7930779345010727	329657
48	0.00240325927734375	0.003138950892857143	0.8111024165790848	308579
49	0.00240325927734375	0.0047831632653061226	0.6654049710553581	322862
50	0.00240325927734375	0.004099854227405248	0.9209787701791013	331938
51	0.00240325927734375	0.004099854227405248	0.641921615407157	327270
52	0.00240325927734375	0.004099854227405248	0.641921615407157	332557
53	0.00240325927734375	0.00468554768846314	0.8106784111229656	304325
54	0.00240325927734375	0.003138950892857143	1.0462419145181017	328378
55	0.00240325927734375	0.004099854227405248	0.47989498236885453	259566
56	0.00240325927734375	0.00468554768846314	1.159004256956333	259062
57	0.00240325927734375	0.004099854227405248	0.7208499950523766	290289
58	0.00240325927734375	0.004099854227405248	0.6945838216700837	300300
59	0.00240325927734375	0.00468554768846314	0.9661391246479695	296186
60	0.00240325927734375	0.003138950892857143	0.5270362078376615	307699
61	0.00240325927734375	0.00274658203125	0.8222224767044702	299270
62	0.00240325927734375	0.003138950892857143	0.8569716041608297	315025
63	0.00240325927734375	0.00274658203125	0.4705143080389149	289683
64	0.00240325927734375	0.005354911643957874	0.884784464640519	322208
65	0.00240325927734375	0.00468554768846314	0.7998423381753974	330221
66	0.00240325927734375	0.0035873724489795924	0.9816495523969865	285160
67	0.00240325927734375	0.005354911643957874	0.6486059469237553	294458
68	0.00240325927734375	0.005354911643957874	0.8661963519825046	287174
69	0.00240325927734375	0.00274658203125	0.3775687570714291	296721
70	0.00240325927734375	0.003138950892857143	0.9928376930848969	301323
71	0.00240325927734375	0.005354911643957874	0.7678701468856888	322064
72	0.00240325927734375	0.00468554768846314	0.5895170305537488	314907
73	0.00240325927734375	0.004099854227405248	0.7098675783837675	282538
74	0.00240325927734375	0.004099854227405248	1.0276421898208123	322394
75	0.00240325927734375	0.004099854227405248	0.6561111698386768	288515
76	0.00240325927734375	0.0047831632653061226	0.8630579161736927	324986
77	0.00240325927734375	0.006119899021666142	0.9834334845049769	275690
78	0.00240325927734375	0.00240325927734375	0.47476898425025754	291512
79	0.00240325927734375	0.00274658203125	0.2207872834051713	330354
80	0.00240325927734375	0.004099854227405248	0.9399827092124426	315402
81	0.00240325927734375	0.00468554768846314	0.964735938712218	352802
82	0.00240325927734375	0.004099854227405248	0.8155980003561782	319424
83	0.00240325927734375	0.004099854227405248	0.8833753857303294	276919
84	0.00240325927734375	0.004099854227405248	0.7961510226531423	351750
85	0.00240325927734375	0.005354911643957874	0.6922948885328926	307020
86	0.00240325927734375	0.003138950892857143	0.4216151515430648	335604
87	0.00240325927734375	0.003138950892857143	0.7530068746976755	322794
88	0.00240325927734375	0.006119899021666142	0.9010422262018376	325943
89	0.00240325927734375	0.00240325927734375	0.7653188021227609	330695
90	0.00240325927734375	0.00274658203125	0.806650556114902	322965
91	0.00240325927734375	0.00274658203125	0.8855258637450084	319589
92	0.00240325927734375	0.00468554768846314	0.7828071744138969	304894
93	0.00240325927734375	0.004099854227405248	0.6781585653026645	284612
94	0.00240325927734375	0.00468554768846314	1.1262890758363349	306483
95	0.00240325927734375	0.0035873724489795924	0.506887047309832	300089
96	0.00240325927734375	0.003138950892857143	0.7289300545238664	309123
97	0.00240325927734375	0.00274658203125	0.5868536531086868	351732
98	0.00240325927734375	0.003138950892857143	0.8085739483072902	335068
99	0.00240325927734375	0.0035873724489795924	0.762463197147101	324629
100	0.00240325927734375	0.0035873724489795924	0.8589103659386872	352371
101	0.00240325927734375	0.004099854227405248	0.8761920643920281	304717
102	0.00240325927734375	0.0035873724489795924	0.7484306679118492	357150
103	0.00240325927734375	0.003138950892857143	0.5572653352020441	324540
104	0.00240325927734375	0.003138950892857143	0.9501425464809116	319768
105	0.00240325927734375	0.00468554768846314	0.5517168203325604	310052
106	0.00240325927734375	0.006119899021666142	1.0970616287870385	321867
107	0.00240325927734375	0.00468554768846314	0.7187796795659129	310822
108	0.00240325927734375	0.003138950892857143	0.696374332443872	308986
6	0.00240325927734375	0.005354911643957874	0.5882051637578561	3299713
7	0.00240325927734375	0.0035873724489795924	0.654777075877634	658545
8	0.00240325927734375	0.003138950892857143	0.5775187919289021	430442
9	0.00240325927734375	0.0035873724489795924	0.5499847848759808	3091454
10	0.00240325927734375	0.00468554768846314	1.2071412592362234	648676
11	0.00240325927734375	0.00468554768846314	1.2302673412989118	1364616
12	0.00240325927734375	0.0035873724489795924	0.7527467757231311	2703793
13	0.00240325927734375	0.006119899021666142	1.0776832440020596	544794
14	0.00240325927734375	0.00468554768846314	0.7450694991046345	641550
15	0.00240325927734375	0.0035873724489795924	0.626593298130014	3257919
16	0.00240325927734375	0.0035873724489795924	0.6479983354571237	1180604
17	0.00240325927734375	0.005354911643957874	0.5882051637578561	1365811
18	0.00240325927734375	0.003138950892857143	0.9935012827562328	4064847
19	0.00240325927734375	0.0035873724489795924	0.6369276497424543	924695
20	0.00240325927734375	0.006119899021666142	0.6472940801278626	2395175
0	0.00240325927734375	0.00468554768846314	0.9372753161150067	305247
