0	0.00240325927734375	0.00468554768846314	1.0384219250218156	324511
1	0.00240325927734375	0.00468554768846314	1.1959965833283714	336904
2	0.00240325927734375	0.005354911643957874	1.0883159043832615	308736
3	0.00240325927734375	0.00468554768846314	1.179840449987184	299721
4	0.00240325927734375	0.00468554768846314	0.749090449821767	312281
5	0.00240325927734375	0.00468554768846314	0.6346335424485795	305501
6	0.00240325927734375	0.003138950892857143	0.7288145731112495	353847
7	0.00240325927734375	0.003138950892857143	0.9735592132303312	352139
8	0.00240325927734375	0.00274658203125	0.845436624221483	353022
9	0.00240325927734375	0.004099854227405248	0.5270362078376615	324956
10	0.00240325927734375	0.004099854227405248	0.8517829819693437	343824
11	0.00240325927734375	0.0035873724489795924	0.8852960976607447	370313
12	0.00240325927734375	0.0035873724489795924	0.8833640899533288	349676
13	0.00240325927734375	0.00468554768846314	0.7450694991046345	303521
14	0.00240325927734375	0.00468554768846314	0.5438975860571336	299457
15	0.00240325927734375	0.00274658203125	0.4115028919152935	312555
16	0.00240325927734375	0.00468554768846314	0.8242734474935158	348403
17	0.00240325927734375	0.00274658203125	0.876096548565412	309562
18	0.00240325927734375	0.004099854227405248	0.47989498236885453	345385
19	0.00240325927734375	0.0035873724489795924	0.6034688569297676	313143
20	0.00240325927734375	0.0035873724489795924	1.0589750431310012	275359
21	0.00240325927734375	0.00274658203125	0.7844954740377112	295107
22	0.00240325927734375	0.004099854227405248	0.707570552947323	282738
23	0.00240325927734375	0.004099854227405248	0.6796361463493921	307107
24	0.00240325927734375	0.004099854227405248	0.758125668227176	356690
25	0.00240325927734375	0.00468554768846314	0.5895170305537488	340512
26	0.00240325927734375	0.00240325927734375	0.5650910707720596	354849
27	0.00240325927734375	0.00468554768846314	1.0173544364164462	316370
28	0.00240325927734375	0.0035873724489795924	0.9990172702140441	346597
29	0.00240325927734375	0.00274658203125	0.5619040897732602	370460
30	0.00240325927734375	0.003138950892857143	0.5081004792861414	316232
31	0.00240325927734375	0.003138950892857143	0.3949968548992396	315211
32	0.00240325927734375	0.00274658203125	0.4211648028270305	290495
33	0.00240325927734375	0.0035873724489795924	0.6084305264741027	315781
34	0.00240325927734375	0.003138950892857143	0.8566846926384754	347157
35	0.00240325927734375	0.00274658203125	0.40301095753191163	354085
36	0.00240325927734375	0.0035873724489795924	0.9611407413009753	352193
37	0.00240325927734375	0.0035873724489795924	1.1213225886709677	343428
38	0.00240325927734375	0.004099854227405248	0.8488641470778624	351057
39	0.00240325927734375	0.005354911643957874	0.8680003055937398	360407
40	0.00240325927734375	0.0035873724489795924	0.3949968548992396	312425
41	0.00240325927734375	0.0035873724489795924	0.5567469950094024	254746
42	0.00240325927734375	0.004099854227405248	1.0116413851833488	348523
43	0.00240325927734375	0.00274658203125	0.6397439145803703	363023
44	0.00240325927734375	0.003138950892857143	0.7679079850347026	357791
45	0.00240325927734375	0.0035873724489795924	0.80373775942342	364746
46	0.00240325927734375	0.0035873724489795924	1.191768198877686	318853
47	0.00240325927734375	0.004099854227405248	0.7517702901971454	338290
48	0.00240325927734375	0.006119899021666142	1.229098577422438	363221
49	0.00240325927734375	0.00468554768846314	0.8586827731399579	351952
50	0.00240325927734375	0.003138950892857143	0.9003428973519075	320148
51	0.00240325927734375	0.003138950892857143	0.7551324269178905	297592
52	0.00240325927734375	0.00468554768846314	0.8286862696982655	286072
53	0.00240325927734375	0.0035873724489795924	0.8417625898440853	370373
54	0.00240325927734375	0.005354911643957874	0.9332788145791293	329581
55	0.00240325927734375	0.0035873724489795924	1.097514476410951	343465
56	0.00240325927734375	0.003138950892857143	0.5363619951580719	352043
57	0.00240325927734375	0.005354911643957874	1.0144127616204839	319868
58	0.00240325927734375	0.0035873724489795924	0.7362608247530769	357390
59	0.00240325927734375	0.00240325927734375	0.8564646822384463	366320
60	0.00240325927734375	0.005354911643957874	0.5893387435099808	357662
61	0.00240325927734375	0.0035873724489795924	0.80014328877491	323144
62	0.00240325927734375	0.004099854227405248	0.7630068283960101	276779
63	0.00240325927734375	0.003138950892857143	0.950153172673653	303900
64	0.00240325927734375	0.003138950892857143	0.6357138849033303	299301
65	0.00240325927734375	0.0035873724489795924	0.8325044923695928	358947
66	0.00240325927734375	0.003138950892857143	0.6675066333863985	240876
67	0.00240325927734375	0.0035873724489795924	0.6119781743442333	269376
68	0.00240325927734375	0.004099854227405248	0.981007263146167	360570
69	0.00240325927734375	0.0035873724489795924	0.9398029126728228	348932
70	0.00240325927734375	0.00468554768846314	0.9645350932996798	349343
71	0.00240325927734375	0.003138950892857143	0.4307214741276705	346366
72	0.00240325927734375	0.0035873724489795924	0.2207872834051713	311182
73	0.00240325927734375	0.004099854227405248	0.9270388436215573	311965
74	0.00240325927734375	0.0035873724489795924	0.6482976636120993	306935
75	0.00240325927734375	0.0035873724489795924	0.9108688498752116	312600
76	0.00240325927734375	0.00274658203125	0.8773223510736127	328786
77	0.00240325927734375	0.0035873724489795924	0.9074092587693858	287180
78	0.00240325927734375	0.004099854227405248	1.003835371837976	365701
79	0.00240325927734375	0.005354911643957874	0.5615350858854704	346160
80	0.00240325927734375	0.003138950892857143	0.7543839517287534	325326
81	0.00240325927734375	0.004099854227405248	0.9399827092124426	368075
82	0.00240325927734375	0.004099854227405248	0.9721334678623623	335869
83	0.00240325927734375	0.0035873724489795924	0.5862429475892403	349268
84	0.00240325927734375	0.0035873724489795924	0.5965766233672192	346676
85	0.00240325927734375	0.00468554768846314	0.8037262531341928	344663
86	0.00240325927734375	0.005354911643957874	0.573962807042313	338749
87	0.00240325927734375	0.00468554768846314	0.9248058268055412	319049
88	0.00240325927734375	0.003138950892857143	0.7998423381753974	366466
89	0.00240325927734375	0.00240325927734375	0.5902502818053489	349344
90	0.00240325927734375	0.004099854227405248	0.7490554919696634	337481
91	0.00240325927734375	0.004099854227405248	0.7579490566077594	273655
92	0.00240325927734375	0.00468554768846314	0.8603156862729713	366852
93	0.00240325927734375	0.0035873724489795924	0.9990172702140441	316569
94	0.00240325927734375	0.003138950892857143	0.4321472194956394	283601
95	0.00240325927734375	0.006119899021666142	0.947255660299126	318827
96	0.00240325927734375	0.005354911643957874	1.0321587262717475	277458
97	0.00240325927734375	0.005354911643957874	0.9961321713020196	341588
98	0.00240325927734375	0.00274658203125	0.8712032720398393	320932
99	0.00240325927734375	0.004099854227405248	0.8106784111229656	361471
100	0.00240325927734375	0.00468554768846314	1.0000061291326416	356257
101	0.00240325927734375	0.003138950892857143	0.6084305264741027	351194
102	0.00240325927734375	0.0035873724489795924	0.9997176880608332	316878
103	0.00240325927734375	0.00274658203125	0.8427144460378673	337933
104	0.00240325927734375	0.0035873724489795924	0.762463197147101	313548
105	0.00240325927734375	0.00274658203125	0.4674725881231375	332135
106	0.00240325927734375	0.003138950892857143	0.7308661191447612	322525
107	0.00240325927734375	0.005466472303206997	0.8386827194137613	360062
108	0.00240325927734375	0.004099854227405248	0.982195012047497	272546
109	0.00240325927734375	0.0035873724489795924	1.0185432550130349	344598
110	0.00240325927734375	0.0035873724489795924	0.7442915711679607	243699
111	0.00240325927734375	0.00274658203125	0.6251295181977089	347491
112	0.00240325927734375	0.00468554768846314	0.725282064499569	328340
113	0.00240325927734375	0.0035873724489795924	0.4211648028270305	305597
114	0.00240325927734375	0.0035873724489795924	0.4614484735197566	355602
115	0.00240325927734375	0.004099854227405248	0.8070412521005097	360160
116	0.00240325927734375	0.00274658203125	0.5051155787649115	360958
117	0.00240325927734375	0.0035873724489795924	1.0190424330874766	358357
118	0.00240325927734375	0.00240325927734375	0.6859444391123852	340983
119	0.00240325927734375	0.0035873724489795924	0.7248668783847602	343225
120	0.00240325927734375	0.004099854227405248	1.1633937261933338	334514
121	0.00240325927734375	0.004099854227405248	1.2930827733781909	360155
122	0.00240325927734375	0.004099854227405248	0.4140351812241149	363935
123	0.00240325927734375	0.005354911643957874	0.9658666227688893	298709
124	0.00240325927734375	0.00468554768846314	0.7737852425688121	345793
