0	0.00240325927734375	0.00468554768846314	1.0252110283700726	348006
1	0.00240325927734375	0.004099854227405248	0.5757774426010136	254111
2	0.00240325927734375	0.00274658203125	0.44310970425036134	298773
3	0.00240325927734375	0.004099854227405248	0.739454418296801	283715
4	0.00240325927734375	0.004099854227405248	1.0600227684739925	270324
5	0.00240325927734375	0.004099854227405248	1.0183523898680358	333934
6	0.00240325927734375	0.00468554768846314	0.8287190473560038	356745
7	0.00240325927734375	0.004099854227405248	1.5061819444231888	409082
8	0.00240325927734375	0.003138950892857143	0.8758721089042631	444839
9	0.00240325927734375	0.004099854227405248	0.9067285576583635	267771
10	0.00240325927734375	0.004099854227405248	0.9988501648384455	258624
11	0.00240325927734375	0.0047831632653061226	0.8386827194137613	253743
12	0.00240325927734375	0.004099854227405248	0.6781585653026645	242569
13	0.00240325927734375	0.00274658203125	0.9077892162121051	242762
14	0.00240325927734375	0.004099854227405248	0.6823116424021393	264161
15	0.00240325927734375	0.0035873724489795924	0.8007718909201735	241044
16	0.00240325927734375	0.003138950892857143	0.7713976575292031	240557
17	0.00240325927734375	0.0035873724489795924	0.7942134106570087	247764
18	0.00240325927734375	0.003138950892857143	0.7471355234942879	241835
19	0.00240325927734375	0.004099854227405248	0.6986454041652321	243957
20	0.00240325927734375	0.00468554768846314	1.1495257009125397	245249
21	0.00240325927734375	0.004099854227405248	0.870054230103996	239754
22	0.00240325927734375	0.003138950892857143	0.6348173593301913	240742
23	0.00240325927734375	0.003138950892857143	0.9027688316799474	244052
24	0.00240325927734375	0.00274658203125	0.554445230212033	241839
25	0.00240325927734375	0.003138950892857143	0.5293184125067912	240385
26	0.00240325927734375	0.0035873724489795924	0.7818964741513493	250478
27	0.00240325927734375	0.00468554768846314	0.650603255652004	240454
28	0.00240325927734375	0.003138950892857143	0.27942865957240903	240325
29	0.00240325927734375	0.00468554768846314	0.8011054648787022	256702
30	0.00240325927734375	0.004099854227405248	0.8313372824178711	241003
31	0.00240325927734375	0.003138950892857143	0.6963537400914321	245033
32	0.00240325927734375	0.00274658203125	0.8888424973761293	243468
33	0.00240325927734375	0.003138950892857143	0.47989498236885453	240001
34	0.00240325927734375	0.0035873724489795924	0.46765791709578064	240038
35	0.00240325927734375	0.00240325927734375	0.7185472165735766	294638
36	0.00240325927734375	0.0035873724489795924	0.6923368502348177	239677
37	0.00240325927734375	0.003138950892857143	1.1014372194845463	241114
38	0.00240325927734375	0.0035873724489795924	0.7676692929875308	255617
39	0.00240325927734375	0.004099854227405248	1.1584691586050322	242352
40	0.00240325927734375	0.004099854227405248	0.8551368402835844	239233
41	0.00240325927734375	0.003138950892857143	0.7208499950523766	261527
42	0.00240325927734375	0.003138950892857143	0.46105833933866197	238569
43	0.00240325927734375	0.003138950892857143	0.7794989611945641	240632
44	0.00240325927734375	0.004099854227405248	0.8140846948909406	274032
45	0.00240325927734375	0.003138950892857143	0.5438455811244645	239082
46	0.00240325927734375	0.003138950892857143	0.85502324120733	239249
47	0.00240325927734375	0.003138950892857143	0.7541483971669205	255122
48	0.00240325927734375	0.004099854227405248	0.8978581327945778	238691
49	0.00240325927734375	0.004099854227405248	0.9464079389649209	240107
50	0.00240325927734375	0.004099854227405248	0.9345390344590487	257420
51	0.00240325927734375	0.004099854227405248	0.7892524417489257	238776
52	0.00240325927734375	0.005354911643957874	1.2506344947628234	239030
53	0.00240325927734375	0.0035873724489795924	0.8016569737340982	261345
54	0.00240325927734375	0.003138950892857143	0.9655931741981673	239152
55	0.00240325927734375	0.0035873724489795924	0.43214721949563945	240309
56	0.00240325927734375	0.0035873724489795924	0.9456833778026168	252864
57	0.00240325927734375	0.003138950892857143	0.5476805354180074	240562
58	0.00240325927734375	0.006119899021666142	0.8864979190427223	240774
59	0.00240325927734375	0.003138950892857143	0.9000992842058422	261028
60	0.00240325927734375	0.00468554768846314	0.9647453707835174	239125
61	0.00240325927734375	0.00468554768846314	0.9000089591595164	239981
62	0.00240325927734375	0.004099854227405248	1.2556824280668701	246638
63	0.00240325927734375	0.0035873724489795924	0.7679149601905179	238141
64	0.00240325927734375	0.003138950892857143	0.26942594390034946	239311
65	0.00240325927734375	0.005354911643957874	1.0387154489515285	254855
66	0.00240325927734375	0.003138950892857143	0.5105102843732272	239050
67	0.00240325927734375	0.00468554768846314	0.8682190604986966	242140
68	0.00240325927734375	0.0035873724489795924	0.7129418612075873	274634
69	0.00240325927734375	0.00274658203125	0.38288381031244606	239297
70	0.00240325927734375	0.00468554768846314	0.964735938712218	239318
71	0.00240325927734375	0.003138950892857143	0.8298657064369029	254247
72	0.00240325927734375	0.00468554768846314	1.021428996099245	239177
73	0.00240325927734375	0.003138950892857143	0.6675066333863985	240244
74	0.00240325927734375	0.0035873724489795924	1.0509250673152506	256009
75	0.00240325927734375	0.0035873724489795924	0.90058029788604	241738
76	0.00240325927734375	0.0035873724489795924	0.9550657075293041	241752
77	0.00240325927734375	0.0035873724489795924	1.113366888915765	253771
78	0.00240325927734375	0.004099854227405248	0.47459189989497363	238659
79	0.00240325927734375	0.004099854227405248	1.2589462527143653	242142
80	0.00240325927734375	0.005354911643957874	0.7017521242029752	275518
81	0.00240325927734375	0.003138950892857143	0.5164409773359109	238754
82	0.00240325927734375	0.004099854227405248	1.0019858948852174	241285
83	0.00240325927734375	0.00468554768846314	0.5615350858854704	274907
84	0.00240325927734375	0.00240325927734375	0.8549370782804216	239174
85	0.00240325927734375	0.00468554768846314	0.7763992546488784	240116
86	0.00240325927734375	0.004099854227405248	0.7818921512144483	253623
87	0.00240325927734375	0.00274658203125	0.5712260593395756	239680
88	0.00240325927734375	0.00274658203125	0.779176448791454	239634
89	0.00240325927734375	0.00468554768846314	0.8880919260376818	275222
90	0.00240325927734375	0.004099854227405248	1.1805410898459796	239257
91	0.00240325927734375	0.0035873724489795924	0.7222896573560231	240947
92	0.00240325927734375	0.004099854227405248	0.5532186937833052	271910
93	0.00240325927734375	0.0035873724489795924	0.8675645614404269	238832
94	0.00240325927734375	0.003138950892857143	0.9884193496718197	243183
95	0.00240325927734375	0.00240325927734375	0.9735592132303312	266572
96	0.00240325927734375	0.0035873724489795924	0.6415565101277999	239750
97	0.00240325927734375	0.003138950892857143	0.5035931623022096	241184
98	0.00240325927734375	0.0035873724489795924	0.6997073808099048	274700
99	0.00240325927734375	0.0035873724489795924	0.5569649071412717	239036
100	0.00240325927734375	0.00468554768846314	0.9936007489503105	238736
101	0.00240325927734375	0.00468554768846314	0.6119781743442333	256514
102	0.00240325927734375	0.00274658203125	0.22858055408794858	240113
103	0.00240325927734375	0.004099854227405248	0.7194973450158514	239955
104	0.00240325927734375	0.004099854227405248	0.4216151515430648	274725
105	0.00240325927734375	0.003138950892857143	0.8049115752030112	240015
106	0.00240325927734375	0.004099854227405248	0.9399827092124426	240521
107	0.00240325927734375	0.004099854227405248	0.7809417518286365	264557
108	0.00240325927734375	0.004099854227405248	1.0196837441620918	240246
109	0.00240325927734375	0.0035873724489795924	0.85502324120733	240724
110	0.00240325927734375	0.004099854227405248	0.657088682269622	256706
111	0.00240325927734375	0.004099854227405248	0.9377312446277385	240437
112	0.00240325927734375	0.004099854227405248	0.6483144077034084	239882
113	0.00240325927734375	0.00274658203125	0.5868536531086868	256416
114	0.00240325927734375	0.003138950892857143	0.43214721949563945	238823
115	0.00240325927734375	0.0035873724489795924	0.6750602575000808	242396
116	0.00240325927734375	0.005354911643957874	0.5846438992057731	267029
117	0.00240325927734375	0.004099854227405248	0.7936594748256917	278841
118	0.00240325927734375	0.0035873724489795924	1.1015122009303782	257757
119	0.00240325927734375	0.0035873724489795924	0.8006698763828854	260373
120	0.00240325927734375	0.003138950892857143	0.5748267515103905	257478
121	0.00240325927734375	0.00468554768846314	1.0433969692782519	261267
122	0.00240325927734375	0.00240325927734375	0.7580118956197238	313152
123	0.00240325927734375	0.004099854227405248	0.6834512404795346	306180
124	0.00240325927734375	0.004099854227405248	0.9316644283542852	300322
