0	0.00240325927734375	0.00240325927734375	0.6057148240511083	248271
1	0.00240325927734375	0.00468554768846314	1.2236292342328938	253436
2	0.00240325927734375	0.004099854227405248	0.8517829819693437	249240
3	0.00240325927734375	0.0035873724489795924	0.7235183581094553	279391
4	0.00240325927734375	0.005354911643957874	1.195600807068067	305651
5	0.00240325927734375	0.00274658203125	0.678718033354089	257319
6	0.00240325927734375	0.004099854227405248	0.6926809265985516	474728
7	0.00240325927734375	0.003138950892857143	0.6681781939583111	271566
8	0.00240325927734375	0.005354911643957874	0.7051287755942099	473732
9	0.00240325927734375	0.003138950892857143	0.7022014087356845	400473
10	0.00240325927734375	0.003138950892857143	0.29411855649072083	235592
11	0.00240325927734375	0.0035873724489795924	1.0723817895714294	235588
12	0.00240325927734375	0.003138950892857143	0.5683264767752773	242413
13	0.00240325927734375	0.00274658203125	0.7422549645649632	243376
14	0.00240325927734375	0.004099854227405248	0.9947828763638035	234689
15	0.00240325927734375	0.004099854227405248	0.686942144626502	241766
16	0.00240325927734375	0.003138950892857143	0.47989498236885453	242331
17	0.00240325927734375	0.004099854227405248	0.7860008303369361	235809
18	0.00240325927734375	0.0035873724489795924	0.8548226281369711	260046
19	0.00240325927734375	0.0035873724489795924	1.0167929557473414	235410
20	0.00240325927734375	0.004099854227405248	0.5169954825889849	233703
21	0.00240325927734375	0.003138950892857143	0.8312589778153666	265579
22	0.00240325927734375	0.0035873724489795924	0.8020645945208829	236625
23	0.00240325927734375	0.0035873724489795924	1.0494019546223297	233135
24	0.00240325927734375	0.00468554768846314	1.00496677315978	306032
25	0.00240325927734375	0.003138950892857143	0.5169954825889849	236682
26	0.00240325927734375	0.004099854227405248	0.6796361463493921	233515
27	0.00240325927734375	0.00274658203125	0.4043216966243352	239674
28	0.00240325927734375	0.003138950892857143	0.6926145932744388	238530
29	0.00240325927734375	0.00468554768846314	0.8044059992625554	235343
30	0.00240325927734375	0.0035873724489795924	0.675006914576907	258202
31	0.00240325927734375	0.004099854227405248	0.8978032354832114	236426
32	0.00240325927734375	0.0035873724489795924	0.5846438992057731	234524
33	0.00240325927734375	0.004099854227405248	0.8195832568849986	241986
34	0.00240325927734375	0.00468554768846314	1.2812078722452702	235000
35	0.00240325927734375	0.004099854227405248	0.8187658479019673	233533
36	0.00240325927734375	0.004099854227405248	0.6428849052002525	244109
37	0.00240325927734375	0.00274658203125	0.2207872834051713	256481
38	0.00240325927734375	0.0035873724489795924	0.9735592132303312	234389
39	0.00240325927734375	0.003138950892857143	1.0359684016581658	241834
40	0.00240325927734375	0.00274658203125	0.7121910642263108	249993
41	0.00240325927734375	0.003138950892857143	1.1168201805894897	234062
42	0.00240325927734375	0.00468554768846314	1.0960322972540708	267874
43	0.00240325927734375	0.003138950892857143	1.0183382059031718	238414
44	0.00240325927734375	0.0035873724489795924	0.5191529685340931	235103
45	0.00240325927734375	0.004099854227405248	0.8329968930779454	271154
46	0.00240325927734375	0.004099854227405248	0.6845743489558733	249521
47	0.00240325927734375	0.0035873724489795924	0.9316858851926473	232476
48	0.00240325927734375	0.004099854227405248	0.36879448250521546	274011
49	0.00240325927734375	0.004099854227405248	0.7561241212438912	246038
50	0.00240325927734375	0.006119899021666142	0.9861277599915638	232705
51	0.00240325927734375	0.0035873724489795924	0.960510428730623	243239
52	0.00240325927734375	0.003138950892857143	0.9199008943961022	246622
53	0.00240325927734375	0.005354911643957874	0.7724691468982505	235508
54	0.00240325927734375	0.00468554768846314	0.9220260608815462	242909
55	0.00240325927734375	0.00468554768846314	1.1643038249468538	236881
56	0.00240325927734375	0.004099854227405248	0.7123439485339038	233058
57	0.00240325927734375	0.003138950892857143	0.7633549951949887	244680
58	0.00240325927734375	0.00468554768846314	0.7197266152812417	235873
59	0.00240325927734375	0.0035873724489795924	0.9688118333757038	233358
60	0.00240325927734375	0.00468554768846314	0.8607458901041045	256328
61	0.00240325927734375	0.003138950892857143	0.7551771313211623	243829
62	0.00240325927734375	0.003138950892857143	0.29411855649072083	234308
63	0.00240325927734375	0.004099854227405248	0.9560019356462957	273551
64	0.00240325927734375	0.00468554768846314	0.9492939939935165	260508
65	0.00240325927734375	0.00468554768846314	0.9087069037756641	233311
66	0.00240325927734375	0.00274658203125	0.7805586304341987	245697
67	0.00240325927734375	0.0035873724489795924	0.8551421671947098	249928
68	0.00240325927734375	0.004099854227405248	0.8535713118027233	233035
69	0.00240325927734375	0.004099854227405248	1.002128224016129	241962
70	0.00240325927734375	0.0035873724489795924	0.4894829601663889	241721
71	0.00240325927734375	0.003138950892857143	0.9635845474840934	233320
72	0.00240325927734375	0.00274658203125	0.554445230212033	286205
73	0.00240325927734375	0.003138950892857143	0.7499937488660495	238089
74	0.00240325927734375	0.00274658203125	0.4211648028270305	232767
75	0.00240325927734375	0.00468554768846314	0.6288556659146406	262278
76	0.00240325927734375	0.005466472303206997	0.7575653255000013	234481
77	0.00240325927734375	0.00468554768846314	0.500169331995343	235173
78	0.00240325927734375	0.00468554768846314	0.6112910728296638	241133
79	0.00240325927734375	0.0035873724489795924	0.5409218729867237	246948
80	0.00240325927734375	0.00274658203125	0.6939963973297963	231848
81	0.00240325927734375	0.00240325927734375	0.7382924252352308	250971
82	0.00240325927734375	0.00274658203125	0.6189357998887759	234469
83	0.00240325927734375	0.0035873724489795924	0.8647333901634002	232854
84	0.00240325927734375	0.005354911643957874	1.0482095131307405	264030
85	0.00240325927734375	0.00274658203125	0.4237339425775215	235258
86	0.00240325927734375	0.004099854227405248	0.6148195910440275	232914
87	0.00240325927734375	0.00274658203125	0.3775687570714291	264718
88	0.00240325927734375	0.004099854227405248	0.8164199471735665	240510
89	0.00240325927734375	0.004099854227405248	1.1620106358202618	233464
90	0.00240325927734375	0.00240325927734375	0.6183400059172167	244232
91	0.00240325927734375	0.00274658203125	0.27942865957240903	243517
92	0.00240325927734375	0.00274658203125	0.613645161613009	231962
93	0.00240325927734375	0.004099854227405248	1.0481676037575	244137
94	0.00240325927734375	0.003138950892857143	0.7185472165735766	236937
95	0.00240325927734375	0.003138950892857143	0.8933324984997155	234188
96	0.00240325927734375	0.004099854227405248	0.9276316553360595	251700
97	0.00240325927734375	0.004099854227405248	0.8499423510088602	244316
98	0.00240325927734375	0.004099854227405248	0.8878242152765533	233280
99	0.00240325927734375	0.003138950892857143	0.22858055408794858	256918
100	0.00240325927734375	0.004099854227405248	0.886622392878744	237585
101	0.00240325927734375	0.00274658203125	0.41150289191529354	232873
102	0.00240325927734375	0.004099854227405248	1.120603791168385	268381
103	0.00240325927734375	0.00468554768846314	0.9688118333757038	243769
104	0.00240325927734375	0.006119899021666142	1.040580105463302	232393
105	0.00240325927734375	0.004099854227405248	0.8595174724411787	268868
106	0.00240325927734375	0.00468554768846314	0.9204778538734303	251714
107	0.00240325927734375	0.003138950892857143	1.0702944606910363	235210
108	0.00240325927734375	0.004099854227405248	0.7407973884472949	243062
109	0.00240325927734375	0.003138950892857143	0.7304149371685156	253747
110	0.00240325927734375	0.003138950892857143	0.551532359870496	233006
111	0.00240325927734375	0.00468554768846314	0.5893387435099808	252261
112	0.00240325927734375	0.004099854227405248	0.9013368423411885	275699
113	0.00240325927734375	0.00468554768846314	1.0277654788720454	233217
114	0.00240325927734375	0.0035873724489795924	0.3280673200675872	259010
115	0.00240325927734375	0.00240325927734375	0.8350397111953617	245815
116	0.00240325927734375	0.003138950892857143	0.5723611479129064	232063
117	0.00240325927734375	0.00468554768846314	0.9166162521151443	245181
118	0.00240325927734375	0.00274658203125	0.6681781939583111	235478
119	0.00240325927734375	0.005354911643957874	1.0810379664864935	232372
120	0.00240325927734375	0.00468554768846314	0.9311334739777354	257949
121	0.00240325927734375	0.004099854227405248	1.1405912405304377	235945
122	0.00240325927734375	0.003138950892857143	0.4917483647455395	232931
123	0.00240325927734375	0.003138950892857143	0.9305126402893248	260693
124	0.00240325927734375	0.003138950892857143	0.9875349042263515	237144
