0	0.00240325927734375	0.0035873724489795924	0.5517168203325604	270369
1	0.00240325927734375	0.0035873724489795924	0.9117481115215244	282322
2	0.00240325927734375	0.005354911643957874	1.2688187759185232	260705
3	0.00240325927734375	0.0035873724489795924	0.7861955926954431	335731
4	0.00240325927734375	0.00468554768846314	0.5438455811244645	299907
5	0.00240325927734375	0.004099854227405248	0.7812558562689892	270876
6	0.00240325927734375	0.00274658203125	0.7408269748993305	1124433
7	0.00240325927734375	0.004099854227405248	0.8137005715497756	393682
8	0.00240325927734375	0.0035873724489795924	0.8312619554493847	356472
9	0.00240325927734375	0.0035873724489795924	0.9605813898271507	374202
10	0.00240325927734375	0.005354911643957874	0.7948602392183894	344753
11	0.00240325927734375	0.00468554768846314	0.9161716432981342	344764
12	0.00240325927734375	0.0035873724489795924	0.7763016645344903	347506
13	0.00240325927734375	0.0035873724489795924	1.0403662752500398	345612
14	0.00240325927734375	0.0035873724489795924	0.3185994521415336	342617
15	0.00240325927734375	0.0035873724489795924	0.7892524417489257	348590
16	0.00240325927734375	0.00274658203125	0.7795583161299493	342589
17	0.00240325927734375	0.00468554768846314	0.5895170305537488	345403
18	0.00240325927734375	0.0035873724489795924	0.9119214078109366	347124
19	0.00240325927734375	0.0035873724489795924	0.8711536725529503	344321
20	0.00240325927734375	0.0035873724489795924	0.8311935552528233	344874
21	0.00240325927734375	0.003138950892857143	0.9167075989725123	345395
22	0.00240325927734375	0.00468554768846314	0.7777739970879921	339938
23	0.00240325927734375	0.00468554768846314	0.9185214709467225	344291
24	0.00240325927734375	0.004099854227405248	1.0594394697873117	343748
25	0.00240325927734375	0.00468554768846314	0.8148327828200399	341794
26	0.00240325927734375	0.00468554768846314	0.5893387435099808	345603
27	0.00240325927734375	0.004099854227405248	0.6986454041652321	345554
28	0.00240325927734375	0.003138950892857143	0.7690028853645818	347613
29	0.00240325927734375	0.00274658203125	0.8487767586152781	347289
30	0.00240325927734375	0.00468554768846314	0.6333731672144804	347233
31	0.00240325927734375	0.005354911643957874	0.500169331995343	340518
32	0.00240325927734375	0.00274658203125	0.8708246024160926	344303
33	0.00240325927734375	0.0035873724489795924	0.6251818169507557	342522
34	0.00240325927734375	0.004099854227405248	1.0073134165708704	345727
35	0.00240325927734375	0.00468554768846314	1.0326120654144006	343544
36	0.00240325927734375	0.004099854227405248	0.8360206903215943	345170
37	0.00240325927734375	0.004099854227405248	0.6561111698386768	338243
38	0.00240325927734375	0.00274658203125	0.635935688460695	342931
39	0.00240325927734375	0.0035873724489795924	1.0511154966055465	342973
40	0.00240325927734375	0.00274658203125	0.6997073808099048	344401
41	0.00240325927734375	0.0035873724489795924	0.8064057394022315	347772
42	0.00240325927734375	0.004099854227405248	0.8834413009570706	346653
43	0.00240325927734375	0.00274658203125	0.9048117706315918	344604
44	0.00240325927734375	0.00468554768846314	0.7678701468856888	341638
45	0.00240325927734375	0.00274658203125	0.5619040897732602	344620
46	0.00240325927734375	0.004099854227405248	0.9261772854154553	352731
47	0.00240325927734375	0.004099854227405248	1.2176434919943993	345985
48	0.00240325927734375	0.004099854227405248	0.5081004792861414	345372
49	0.00240325927734375	0.004099854227405248	0.8207379126656511	343919
50	0.00240325927734375	0.005354911643957874	0.9635222974904056	341682
51	0.00240325927734375	0.004099854227405248	0.6945838216700837	342674
52	0.00240325927734375	0.004099854227405248	0.8624304720666799	341011
53	0.00240325927734375	0.005354911643957874	0.5486569155892225	342765
54	0.00240325927734375	0.005354911643957874	1.1521452089866455	342475
55	0.00240325927734375	0.003138950892857143	0.7102416530542501	341290
56	0.00240325927734375	0.003138950892857143	0.9412845830116108	342621
57	0.00240325927734375	0.004099854227405248	1.074859108306605	344170
58	0.00240325927734375	0.004099854227405248	0.749602235399442	339769
59	0.00240325927734375	0.00468554768846314	1.0022064712440368	340853
60	0.00240325927734375	0.003138950892857143	0.8332146183126564	347724
61	0.00240325927734375	0.004099854227405248	0.4596471859326845	338473
62	0.00240325927734375	0.005354911643957874	0.5757774426010136	340369
63	0.00240325927734375	0.004099854227405248	0.9582641588579042	344661
64	0.00240325927734375	0.00274658203125	0.9577916747077647	338277
65	0.00240325927734375	0.00240325927734375	0.6997073808099048	343411
66	0.00240325927734375	0.003138950892857143	0.682796597352417	345812
67	0.00240325927734375	0.0035873724489795924	0.7818964741513493	342726
68	0.00240325927734375	0.004099854227405248	1.1503752516539067	343276
69	0.00240325927734375	0.003138950892857143	0.5242764158818288	343541
70	0.00240325927734375	0.004099854227405248	0.7946687511603361	345115
71	0.00240325927734375	0.003138950892857143	0.7054112316555881	340463
72	0.00240325927734375	0.00468554768846314	1.2217065648668581	353353
73	0.00240325927734375	0.00468554768846314	0.9800587357377231	340742
74	0.00240325927734375	0.00468554768846314	1.0010788861590412	346208
75	0.00240325927734375	0.004099854227405248	0.7391037230542011	344694
76	0.00240325927734375	0.0035873724489795924	0.36879448250521546	340942
77	0.00240325927734375	0.004099854227405248	0.7275668085700445	346564
78	0.00240325927734375	0.00274658203125	0.3559877994173646	347271
79	0.00240325927734375	0.003138950892857143	0.6910228171134865	340305
80	0.00240325927734375	0.0035873724489795924	0.5438975860571336	346305
81	0.00240325927734375	0.0035873724489795924	0.7017521242029752	345804
82	0.00240325927734375	0.00468554768846314	1.1250986686358588	339092
83	0.00240325927734375	0.0035873724489795924	0.6679190683377125	340668
84	0.00240325927734375	0.003138950892857143	0.27942865957240903	346154
85	0.00240325927734375	0.004099854227405248	0.521693252333397	339910
86	0.00240325927734375	0.004099854227405248	0.9680338411216077	344653
87	0.00240325927734375	0.00274658203125	0.5191529685340931	347290
88	0.00240325927734375	0.0035873724489795924	0.5051155787649115	339833
89	0.00240325927734375	0.003138950892857143	0.9472551805177766	333760
90	0.00240325927734375	0.00274658203125	0.6125409717037203	323695
91	0.00240325927734375	0.0035873724489795924	0.44310970425036134	343686
92	0.00240325927734375	0.00274658203125	0.7818964741513493	339528
93	0.00240325927734375	0.0035873724489795924	0.4705143080389149	339559
94	0.00240325927734375	0.0035873724489795924	0.47476898425025754	332416
30	0.00240325927734375	0.00274658203125	0.3702963559559602	5996869
31	0.00240325927734375	0.004099854227405248	1.1152129260777017	744731
32	0.00240325927734375	0.004099854227405248	0.37199129458584634	1111144
33	0.00240325927734375	0.00274658203125	0.47476898425025754	1967807
34	0.00240325927734375	0.0035873724489795924	0.38288381031244606	473179
35	0.00240325927734375	0.003138950892857143	0.3527599326579586	762325
36	0.00240325927734375	0.003138950892857143	0.597469793671439	3708707
37	0.00240325927734375	0.00468554768846314	0.8630719965861138	1061944
38	0.00240325927734375	0.00274658203125	0.7116671446938323	1223032
39	0.00240325927734375	0.00468554768846314	0.7737852425688121	4841582
40	0.00240325927734375	0.004099854227405248	0.767390598694206	1747487
41	0.00240325927734375	0.0035873724489795924	0.9567121953858699	539826
42	0.00240325927734375	0.004099854227405248	0.5363619951580719	3995512
43	0.00240325927734375	0.004099854227405248	0.4711263834307338	691278
44	0.00240325927734375	0.003138950892857143	0.4917483647455395	1238308
45	0.00240325927734375	0.00468554768846314	0.8998535104013241	5679163
46	0.00240325927734375	0.004099854227405248	1.0990774771062704	910724
47	0.00240325927734375	0.0035873724489795924	0.9858650707900695	574526
0	0.00240325927734375	0.004099854227405248	0.37199129458584634	259009
1	0.00240325927734375	0.00468554768846314	0.7509362647001303	258786
2	0.00240325927734375	0.00468554768846314	1.0633890115744598	263007
3	0.00240325927734375	0.003138950892857143	0.5456471171493534	288599
4	0.00240325927734375	0.005354911643957874	0.7477836847950751	266396
5	0.00240325927734375	0.004099854227405248	0.7428955824473233	287549
6	0.00240325927734375	0.004099854227405248	0.8535713118027233	316141
7	0.00240325927734375	0.004099854227405248	0.6875862849499039	338140
8	0.00240325927734375	0.003138950892857143	0.8539314650410346	262422
9	0.00240325927734375	0.004099854227405248	0.8319649010978658	435048
10	0.00240325927734375	0.0035873724489795924	0.9898030638998592	298593
11	0.00240325927734375	0.00468554768846314	0.5723611479129064	405400
