0	0.00240325927734375	0.003138950892857143	0.45541408671804184	361006
1	0.00240325927734375	0.0035873724489795924	0.7443440662717085	264599
2	0.00240325927734375	0.00468554768846314	1.0169588023615033	276363
3	0.00240325927734375	0.00468554768846314	0.9755418157437152	307351
4	0.00240325927734375	0.003138950892857143	0.7481053577385229	322619
5	0.00240325927734375	0.0035873724489795924	0.6675066333863985	336171
6	0.00240325927734375	0.00468554768846314	0.9217306513724774	318471
7	0.00240325927734375	0.00274658203125	0.675006914576907	313599
8	0.00240325927734375	0.0035873724489795924	0.6106733468314501	293324
9	0.00240325927734375	0.00274658203125	1.131872093207619	301528
10	0.00240325927734375	0.004099854227405248	0.7572409190152881	302965
11	0.00240325927734375	0.004099854227405248	0.641921615407157	298562
12	0.00240325927734375	0.0035873724489795924	0.7942134106570087	281340
13	0.00240325927734375	0.00274658203125	0.8020645945208829	325948
14	0.00240325927734375	0.0035873724489795924	0.7598833452271068	299766
15	0.00240325927734375	0.0035873724489795924	0.3820828136324923	314844
16	0.00240325927734375	0.00274658203125	0.8802244019475781	319836
17	0.00240325927734375	0.003138950892857143	1.0918563902884342	279059
18	0.00240325927734375	0.00274658203125	0.44310970425036134	277684
19	0.00240325927734375	0.004099854227405248	0.6926809265985516	323027
20	0.00240325927734375	0.00468554768846314	0.7979244615333643	309604
21	0.00240325927734375	0.003138950892857143	0.8085128604002021	285150
22	0.00240325927734375	0.005466472303206997	0.8386827194137613	272952
23	0.00240325927734375	0.00468554768846314	0.7737852425688121	318743
24	0.00240325927734375	0.003138950892857143	0.6266441174695252	288021
25	0.00240325927734375	0.004099854227405248	0.9465353427598502	296446
26	0.00240325927734375	0.00274658203125	0.6540487212580788	314543
27	0.00240325927734375	0.0035873724489795924	0.8510005851691291	315949
28	0.00240325927734375	0.003138950892857143	0.6992772025339697	303980
29	0.00240325927734375	0.0035873724489795924	1.0083552754517322	277562
30	0.00240325927734375	0.005354911643957874	1.1036943816103435	330228
31	0.00240325927734375	0.004185267857142856	0.5746429876726563	327582
32	0.00240325927734375	0.004099854227405248	1.2497615759854905	312912
33	0.00240325927734375	0.00468554768846314	1.154110879376817	307523
34	0.00240325927734375	0.004099854227405248	0.8049401725596033	286865
35	0.00240325927734375	0.00240325927734375	0.6112513686394822	321990
36	0.00240325927734375	0.004099854227405248	0.6910228171134865	294635
37	0.00240325927734375	0.003138950892857143	0.9671654171100592	320238
38	0.00240325927734375	0.0035873724489795924	0.7442915711679607	313396
39	0.00240325927734375	0.003138950892857143	0.26129515566389994	324668
40	0.00240325927734375	0.00274658203125	0.7551324269178905	315626
41	0.00240325927734375	0.00468554768846314	0.7017521242029752	324017
42	0.00240325927734375	0.003138950892857143	0.8517829819693437	314832
43	0.00240325927734375	0.003138950892857143	0.5753307114514359	288592
44	0.00240325927734375	0.0035873724489795924	0.7699925478226405	310633
45	0.00240325927734375	0.0035873724489795924	0.7743735679391083	275384
46	0.00240325927734375	0.003138950892857143	0.720740839852452	271241
47	0.00240325927734375	0.004099854227405248	0.9505679470777693	327976
48	0.00240325927734375	0.003138950892857143	1.0042365417905763	320326
49	0.00240325927734375	0.003138950892857143	0.6333731672144804	315302
50	0.00240325927734375	0.004099854227405248	1.0872267523327055	292929
51	0.00240325927734375	0.005354911643957874	1.131126016959334	326764
52	0.00240325927734375	0.004099854227405248	1.0285959987872222	340214
53	0.00240325927734375	0.004099854227405248	0.9938228490784937	304646
54	0.00240325927734375	0.003138950892857143	0.5944252297426385	344280
55	0.00240325927734375	0.0035873724489795924	0.7509362647001303	299735
56	0.00240325927734375	0.0035873724489795924	0.7173072058648102	305405
57	0.00240325927734375	0.00468554768846314	0.9688519106840542	306190
58	0.00240325927734375	0.0035873724489795924	0.7403050362081623	307496
59	0.00240325927734375	0.00468554768846314	0.8863658667879466	297328
60	0.00240325927734375	0.0035873724489795924	0.8720587652840096	278536
61	0.00240325927734375	0.0035873724489795924	0.8115255041996038	314013
62	0.00240325927734375	0.00468554768846314	0.7998423381753974	335286
63	0.00240325927734375	0.006119899021666142	1.0268235428447625	316729
64	0.00240325927734375	0.004099854227405248	0.626593298130014	307909
65	0.00240325927734375	0.0035873724489795924	0.571780156306666	290554
66	0.00240325927734375	0.0035873724489795924	0.9586990923255814	323710
67	0.00240325927734375	0.00274658203125	1.0267934806760208	301072
68	0.00240325927734375	0.003138950892857143	0.4596471859326845	343056
69	0.00240325927734375	0.003138950892857143	0.6580706665746365	314423
70	0.00240325927734375	0.004099854227405248	0.6106733468314501	299161
71	0.00240325927734375	0.00274658203125	0.6073575892486077	308198
72	0.00240325927734375	0.0035873724489795924	0.7108366841068481	273577
73	0.00240325927734375	0.004099854227405248	1.110350582106646	312571
74	0.00240325927734375	0.00468554768846314	1.111296736465079	305557
75	0.00240325927734375	0.00468554768846314	0.6599140629346134	320294
76	0.00240325927734375	0.003138950892857143	0.44373171086368535	307661
77	0.00240325927734375	0.00274658203125	1.0531851975927307	295359
78	0.00240325927734375	0.0035873724489795924	0.821441516771252	275923
79	0.00240325927734375	0.003138950892857143	0.7143660099207767	237409
80	0.00240325927734375	0.003138950892857143	0.686065351567182	306342
81	0.00240325927734375	0.00468554768846314	0.7391037230542011	340018
82	0.00240325927734375	0.003138950892857143	0.571780156306666	340918
83	0.00240325927734375	0.00274658203125	0.7766891816227435	296160
84	0.00240325927734375	0.004099854227405248	0.9288838567959974	302817
85	0.00240325927734375	0.005354911643957874	0.5592582483653494	336157
86	0.00240325927734375	0.0035873724489795924	0.9332014804928604	313821
87	0.00240325927734375	0.00468554768846314	0.8297158704907285	309471
88	0.00240325927734375	0.00468554768846314	0.8287190473560038	296658
89	0.00240325927734375	0.005354911643957874	1.0002719288555721	308542
90	0.00240325927734375	0.0035873724489795924	0.6298314151396802	309528
91	0.00240325927734375	0.004099854227405248	0.9834538185018138	273129
92	0.00240325927734375	0.00274658203125	0.6745167800974325	324625
93	0.00240325927734375	0.003138950892857143	0.6030838907072111	224405
94	0.00240325927734375	0.00468554768846314	1.0958519032821312	251830
95	0.00240325927734375	0.0035873724489795924	0.5367126567672513	340810
96	0.00240325927734375	0.0035873724489795924	0.7153830600247274	271486
97	0.00240325927734375	0.004099854227405248	0.9635222974904056	320436
98	0.00240325927734375	0.003138950892857143	0.3820828136324923	313537
99	0.00240325927734375	0.00468554768846314	1.1276854236964757	313945
100	0.00240325927734375	0.00468554768846314	0.8192517402633845	273273
101	0.00240325927734375	0.00468554768846314	1.1861212168525843	268296
102	0.00240325927734375	0.00274658203125	0.7718183246301525	274465
103	0.00240325927734375	0.00468554768846314	0.7961510226531423	302057
104	0.00240325927734375	0.003138950892857143	0.7679079850347026	316519
105	0.00240325927734375	0.00468554768846314	1.0237794429061196	301629
106	0.00240325927734375	0.00274658203125	0.22858055408794858	324059
107	0.00240325927734375	0.00468554768846314	1.0890784666044824	255879
108	0.00240325927734375	0.003138950892857143	0.75611503874457	281698
1	0.00240325927734375	0.004099854227405248	0.8029091751940359	417862
2	0.00240325927734375	0.0035873724489795924	0.9037909020959839	331101
3	0.00240325927734375	0.0035873724489795924	0.7403904235932837	2756136
4	0.00240325927734375	0.00468554768846314	0.6908642302209882	739674
5	0.00240325927734375	0.0035873724489795924	0.2207872834051713	786245
6	0.00240325927734375	0.00274658203125	0.37724082830877137	3249175
7	0.00240325927734375	0.0035873724489795924	0.8763811237948655	936278
8	0.00240325927734375	0.003138950892857143	0.4798413711438436	459333
9	0.00240325927734375	0.003138950892857143	0.5669664423045907	3351085
10	0.00240325927734375	0.0035873724489795924	0.9969110755257659	1287666
11	0.00240325927734375	0.00274658203125	0.8189962856439745	435922
12	0.00240325927734375	0.00274658203125	1.0751590643613058	5874435
13	0.00240325927734375	0.00468554768846314	0.9217306513724774	545902
14	0.00240325927734375	0.004099854227405248	1.1520400344192785	588294
15	0.00240325927734375	0.00274658203125	1.0876916076022467	3897962
16	0.00240325927734375	0.005354911643957874	1.0006648895131625	460914
