0	0.00240325927734375	0.003138950892857143	0.7690028853645818	289139
1	0.00240325927734375	0.00468554768846314	0.7123439485339038	289819
2	0.00240325927734375	0.005354911643957874	0.958827453186198	283153
3	0.00240325927734375	0.005354911643957874	1.118631537498586	352922
4	0.00240325927734375	0.004099854227405248	1.0366223577784994	297803
5	0.00240325927734375	0.003138950892857143	0.8558455227689103	297982
6	0.00240325927734375	0.004099854227405248	0.6067701353765611	314069
7	0.00240325927734375	0.005354911643957874	0.8858899064089981	313068
8	0.00240325927734375	0.00468554768846314	0.5191529685340931	347418
9	0.00240325927734375	0.00274658203125	0.8888424973761293	313430
10	0.00240325927734375	0.004099854227405248	1.035077081416303	289743
11	0.00240325927734375	0.00274658203125	0.9223149469110001	338511
12	0.00240325927734375	0.004099854227405248	0.6796361463493921	318041
13	0.00240325927734375	0.00274658203125	0.7947623881734774	347626
14	0.00240325927734375	0.003138950892857143	0.620896954757578	312518
15	0.00240325927734375	0.004099854227405248	0.7558239291136406	291995
16	0.00240325927734375	0.0035873724489795924	0.9735592132303312	333778
17	0.00240325927734375	0.0035873724489795924	0.5829177920490666	335116
18	0.00240325927734375	0.00468554768846314	1.0957080209403234	359758
19	0.00240325927734375	0.003138950892857143	0.7189723453766866	329065
20	0.00240325927734375	0.00468554768846314	0.9970467012778643	312911
21	0.00240325927734375	0.00468554768846314	0.6451327292467813	296570
22	0.00240325927734375	0.0035873724489795924	0.9210890418561316	259037
23	0.00240325927734375	0.005354911643957874	1.08392005081144	313189
24	0.00240325927734375	0.00468554768846314	1.046046159058877	284197
25	0.00240325927734375	0.003138950892857143	0.82322681526833	288193
26	0.00240325927734375	0.003138950892857143	0.7102416530542501	303988
27	0.00240325927734375	0.004099854227405248	0.7763016645344903	296129
28	0.00240325927734375	0.0035873724489795924	0.7844954740377112	313867
29	0.00240325927734375	0.004099854227405248	0.7881933432434118	355900
30	0.00240325927734375	0.0035873724489795924	0.4321472194956394	367495
31	0.00240325927734375	0.005354911643957874	0.7561241212438912	328408
32	0.00240325927734375	0.005354911643957874	1.13177744113668	306131
33	0.00240325927734375	0.003138950892857143	0.82322681526833	317602
34	0.00240325927734375	0.00468554768846314	0.9620674211474946	290089
35	0.00240325927734375	0.00274658203125	0.7943753544557384	314492
36	0.00240325927734375	0.004099854227405248	0.8530762992338853	310468
37	0.00240325927734375	0.00274658203125	0.7472427793149423	340505
38	0.00240325927734375	0.003138950892857143	0.8990738850506692	345816
39	0.00240325927734375	0.004099854227405248	0.8011054648787022	287721
40	0.00240325927734375	0.004099854227405248	0.711994084723933	284129
41	0.00240325927734375	0.003138950892857143	0.675006914576907	326842
42	0.00240325927734375	0.004099854227405248	0.5862429475892403	313307
43	0.00240325927734375	0.003138950892857143	1.0797693770989454	314680
44	0.00240325927734375	0.005354911643957874	1.1840084188028102	316469
45	0.00240325927734375	0.004099854227405248	1.0945954305595351	314908
46	0.00240325927734375	0.00240325927734375	0.8655694492313655	320683
47	0.00240325927734375	0.005354911643957874	0.6486059469237553	319181
48	0.00240325927734375	0.005354911643957874	0.5846438992057731	312289
49	0.00240325927734375	0.00468554768846314	0.9645350932996798	326798
50	0.00240325927734375	0.003138950892857143	0.7598833452271068	343578
51	0.00240325927734375	0.004099854227405248	0.6201089107861215	299723
52	0.00240325927734375	0.0035873724489795924	0.8833640899533288	322721
53	0.00240325927734375	0.00274658203125	0.7504312650905558	313137
54	0.00240325927734375	0.0035873724489795924	0.7818921512144483	355403
55	0.00240325927734375	0.003138950892857143	0.6030838907072111	316851
56	0.00240325927734375	0.003138950892857143	0.5166005319096117	287201
57	0.00240325927734375	0.0035873724489795924	0.8906629941583188	358665
58	0.00240325927734375	0.0035873724489795924	0.8929150890219418	315568
59	0.00240325927734375	0.0035873724489795924	0.3820828136324923	303995
60	0.00240325927734375	0.0035873724489795924	0.8821917169834576	323879
61	0.00240325927734375	0.00274658203125	0.5945882147588508	282223
62	0.00240325927734375	0.0035873724489795924	0.9013368423411885	324639
63	0.00240325927734375	0.003138950892857143	0.6302961802268212	329111
64	0.00240325927734375	0.004099854227405248	0.641921615407157	284028
65	0.00240325927734375	0.00468554768846314	0.7182221793950304	316168
66	0.00240325927734375	0.0035873724489795924	0.9316858851926473	311256
67	0.00240325927734375	0.0035873724489795924	0.9081219134519697	279522
68	0.00240325927734375	0.004099854227405248	0.7777739970879921	276124
69	0.00240325927734375	0.0047831632653061226	0.8630579161736927	304650
70	0.00240325927734375	0.00274658203125	1.0407599587130785	279825
71	0.00240325927734375	0.0035873724489795924	0.5783102202625546	279663
72	0.00240325927734375	0.00468554768846314	1.0883159043832615	305012
73	0.00240325927734375	0.0035873724489795924	0.6781585653026645	274781
74	0.00240325927734375	0.003138950892857143	0.8013854362183093	345234
75	0.00240325927734375	0.00468554768846314	0.9762234524441695	317126
76	0.00240325927734375	0.00468554768846314	0.6908642302209882	319508
77	0.00240325927734375	0.005354911643957874	0.8360206903215943	314207
78	0.00240325927734375	0.00468554768846314	1.0014492400142436	316155
79	0.00240325927734375	0.003138950892857143	0.5164409773359109	315696
80	0.00240325927734375	0.00240325927734375	0.9136650374144402	314188
81	0.00240325927734375	0.004099854227405248	0.8427797378712145	266624
82	0.00240325927734375	0.00468554768846314	0.7688922513275396	303459
83	0.00240325927734375	0.0035873724489795924	0.8761920643920281	325619
84	0.00240325927734375	0.0035873724489795924	0.22858055408794858	304160
85	0.00240325927734375	0.00274658203125	0.7789692341631549	305138
86	0.00240325927734375	0.0035873724489795924	0.5738630213636511	304911
87	0.00240325927734375	0.003138950892857143	0.5738630213636511	343710
88	0.00240325927734375	0.003138950892857143	1.0210803683634564	309867
89	0.00240325927734375	0.0035873724489795924	0.9298466895404742	320942
90	0.00240325927734375	0.00468554768846314	0.8671612380315802	311928
91	0.00240325927734375	0.004099854227405248	0.5842435290330148	315902
92	0.00240325927734375	0.003138950892857143	0.7185392226288418	326813
93	0.00240325927734375	0.0035873724489795924	0.7705533893840184	302656
94	0.00240325927734375	0.003138950892857143	0.6803414625834295	318255
95	0.00240325927734375	0.00274658203125	0.9223819329976559	293323
96	0.00240325927734375	0.003138950892857143	0.5499847848759808	267949
97	0.00240325927734375	0.00468554768846314	0.6286783229102727	344602
98	0.00240325927734375	0.0035873724489795924	0.8070412521005097	271754
99	0.00240325927734375	0.004099854227405248	1.2241363034676997	308668
100	0.00240325927734375	0.003138950892857143	0.6561111698386768	354885
101	0.00240325927734375	0.004099854227405248	0.7254561775209746	353519
102	0.00240325927734375	0.004099854227405248	0.7547701756603271	312036
103	0.00240325927734375	0.00274658203125	0.6834080365515345	321606
104	0.00240325927734375	0.004099854227405248	0.9342991638243352	294009
105	0.00240325927734375	0.004099854227405248	0.5521229218175507	322745
24	0.00240325927734375	0.003138950892857143	0.7344365583338349	5609485
0	0.00240325927734375	0.00240325927734375	0.8795314467722961	463272
1	0.00240325927734375	0.004099854227405248	0.9403824841077493	296239
2	0.00240325927734375	0.0035873724489795924	1.037745121181744	378429
3	0.00240325927734375	0.00240325927734375	0.3702963559559602	416696
4	0.00240325927734375	0.0035873724489795924	0.5783102202625546	355593
5	0.00240325927734375	0.00468554768846314	1.198155627883491	399123
6	0.00240325927734375	0.005354911643957874	0.8661963519825046	1324427
7	0.00240325927734375	0.00274658203125	0.7442915711679607	522225
8	0.00240325927734375	0.00274658203125	0.9252266427907105	875166
9	0.00240325927734375	0.004099854227405248	0.8652396890456739	3146817
10	0.00240325927734375	0.005354911643957874	1.262075934047796	603803
11	0.00240325927734375	0.00240325927734375	0.5650910707720596	633671
12	0.00240325927734375	0.004099854227405248	0.7517992368724249	3094153
13	0.00240325927734375	0.006119899021666142	0.7574972202614769	610538
14	0.00240325927734375	0.00468554768846314	0.7671398196578567	452929
15	0.00240325927734375	0.0035873724489795924	0.6048818518042537	3861089
16	0.00240325927734375	0.005354911643957874	1.0198262873071438	488520
17	0.00240325927734375	0.00274658203125	0.8232630149777992	418916
