0	0.00240325927734375	0.004099854227405248	0.9790477944318898	340894
1	0.00240325927734375	0.00468554768846314	0.5895170305537488	348118
2	0.00240325927734375	0.00468554768846314	1.1408191900168039	356359
3	0.00240325927734375	0.006119899021666142	1.018760335986417	351696
4	0.00240325927734375	0.00468554768846314	0.9642702367724898	365252
5	0.00240325927734375	0.003138950892857143	0.7631380672695185	370543
6	0.00240325927734375	0.00468554768846314	0.6057148240511083	332686
7	0.00240325927734375	0.0035873724489795924	0.4358605586643549	335282
8	0.00240325927734375	0.003138950892857143	0.7747324653297196	386909
9	0.00240325927734375	0.00274658203125	0.5192845589394408	350798
10	0.00240325927734375	0.003138950892857143	0.6888082982747372	348408
11	0.00240325927734375	0.0035873724489795924	1.3032708819126606	368791
12	0.00240325927734375	0.003138950892857143	1.0010788861590412	373950
13	0.00240325927734375	0.00274658203125	0.6745167800974325	367255
14	0.00240325927734375	0.005354911643957874	1.1372188149771822	377333
15	0.00240325927734375	0.003138950892857143	0.981007263146167	367045
16	0.00240325927734375	0.00468554768846314	0.6770712723003275	365646
17	0.00240325927734375	0.004099854227405248	0.8908109980278565	335628
18	0.00240325927734375	0.003138950892857143	0.7102416530542501	376727
19	0.00240325927734375	0.003138950892857143	0.7229854341660136	374199
20	0.00240325927734375	0.004099854227405248	0.5826289272877523	369173
21	0.00240325927734375	0.004099854227405248	0.7288313822741609	376904
22	0.00240325927734375	0.004099854227405248	0.7561241212438912	322040
23	0.00240325927734375	0.003138950892857143	0.9261772854154553	365558
24	0.00240325927734375	0.0035873724489795924	0.7684305123351599	341090
25	0.00240325927734375	0.004099854227405248	0.7572409190152881	337080
26	0.00240325927734375	0.005354911643957874	1.1090329143393467	376346
27	0.00240325927734375	0.00468554768846314	0.9878545312167349	381391
28	0.00240325927734375	0.004099854227405248	0.740837906471948	335930
29	0.00240325927734375	0.003138950892857143	0.6201089107861215	347408
30	0.00240325927734375	0.005354911643957874	1.2005533572336953	357013
31	0.00240325927734375	0.0035873724489795924	0.8999337051380446	384286
32	0.00240325927734375	0.00240325927734375	0.6474111252776009	356820
33	0.00240325927734375	0.004099854227405248	0.7671398196578567	369823
34	0.00240325927734375	0.003138950892857143	0.6135260577177766	373139
35	0.00240325927734375	0.004099854227405248	0.8155980003561782	334686
36	0.00240325927734375	0.00468554768846314	0.6346335424485795	372855
37	0.00240325927734375	0.004099854227405248	0.6648552371156095	383009
38	0.00240325927734375	0.00274658203125	0.551532359870496	370317
39	0.00240325927734375	0.004099854227405248	0.3280673200675872	350488
40	0.00240325927734375	0.00468554768846314	0.7450694991046345	375697
41	0.00240325927734375	0.0035873724489795924	0.9679877024471055	357577
42	0.00240325927734375	0.00468554768846314	0.9651089741331098	341648
43	0.00240325927734375	0.00468554768846314	0.9938951550505275	372151
44	0.00240325927734375	0.0035873724489795924	0.7107698463978895	367922
45	0.00240325927734375	0.003138950892857143	0.9649926749877809	323623
46	0.00240325927734375	0.004099854227405248	0.7936594748256917	389734
47	0.00240325927734375	0.005354911643957874	0.9699297989079955	386562
48	0.00240325927734375	0.0035873724489795924	0.9374621640360172	333660
49	0.00240325927734375	0.0035873724489795924	0.7763992546488784	336761
50	0.00240325927734375	0.00274658203125	0.8513875256668249	379866
51	0.00240325927734375	0.00468554768846314	0.9690670560066608	352588
52	0.00240325927734375	0.005354911643957874	0.6486059469237553	383787
53	0.00240325927734375	0.00274658203125	0.8987150824336676	300268
54	0.00240325927734375	0.003138950892857143	0.6834512404795346	347465
55	0.00240325927734375	0.0035873724489795924	0.9561660438223869	386658
56	0.00240325927734375	0.005466472303206997	0.7800413432465235	328174
57	0.00240325927734375	0.0035873724489795924	0.4211648028270305	368508
58	0.00240325927734375	0.004099854227405248	0.9794352677018292	371400
59	0.00240325927734375	0.00468554768846314	0.8060920139961625	332613
60	0.00240325927734375	0.00468554768846314	0.9100440850410473	372841
61	0.00240325927734375	0.003138950892857143	0.7502128049602155	392183
62	0.00240325927734375	0.00468554768846314	0.7608580585615496	381793
63	0.00240325927734375	0.0035873724489795924	0.9033372416056704	351487
64	0.00240325927734375	0.003138950892857143	0.26942594390034946	396125
65	0.00240325927734375	0.0035873724489795924	0.22858055408794858	378481
66	0.00240325927734375	0.00274658203125	0.4674725881231375	397176
67	0.00240325927734375	0.004099854227405248	0.7164800807965885	372665
68	0.00240325927734375	0.004099854227405248	0.8997952647002623	392283
69	0.00240325927734375	0.0035873724489795924	0.3441138700103165	372844
70	0.00240325927734375	0.004099854227405248	0.7391037230542011	335197
71	0.00240325927734375	0.00468554768846314	0.9787040734742091	372825
72	0.00240325927734375	0.004099854227405248	0.902212069572923	371416
73	0.00240325927734375	0.004099854227405248	0.9994584933838713	329220
74	0.00240325927734375	0.004099854227405248	0.8301278370710272	381169
75	0.00240325927734375	0.004099854227405248	0.910370517333068	373772
76	0.00240325927734375	0.0035873724489795924	0.4876556853819445	378337
77	0.00240325927734375	0.005354911643957874	0.8715630078399568	362529
78	0.00240325927734375	0.0035873724489795924	0.80014328877491	347116
79	0.00240325927734375	0.00468554768846314	1.051717068116761	377796
80	0.00240325927734375	0.003138950892857143	1.1270861850455245	392067
81	0.00240325927734375	0.003138950892857143	0.5945882147588508	307109
82	0.00240325927734375	0.004099854227405248	0.9688118333757038	380587
83	0.00240325927734375	0.004099854227405248	0.9144544842475943	337438
84	0.00240325927734375	0.0035873724489795924	0.9888749945797346	374490
85	0.00240325927734375	0.0035873724489795924	0.4894829601663889	391634
86	0.00240325927734375	0.00468554768846314	1.238780194195572	373987
87	0.00240325927734375	0.00468554768846314	0.9799659200565694	332488
88	0.00240325927734375	0.00468554768846314	0.749090449821767	365293
89	0.00240325927734375	0.00274658203125	0.8822202673067941	378076
90	0.00240325927734375	0.00468554768846314	0.5746670623715742	373255
44	0.00240325927734375	0.0035873724489795924	0.6580473193539779	1041179
45	0.00240325927734375	0.003138950892857143	0.8519177492351604	5248601
46	0.00240325927734375	0.00468554768846314	0.9799292925819922	606496
47	0.00240325927734375	0.0035873724489795924	0.9855698633066738	1225724
0	0.00240325927734375	0.0035873724489795924	0.8882967220972579	409792
1	0.00240325927734375	0.003138950892857143	0.5775187919289021	318189
2	0.00240325927734375	0.005354911643957874	0.7328105212229479	351848
3	0.00240325927734375	0.004099854227405248	0.8963737672929493	484006
4	0.00240325927734375	0.003138950892857143	0.6286615256238199	468925
5	0.00240325927734375	0.004099854227405248	0.8208151174989351	385402
6	0.00240325927734375	0.0035873724489795924	0.7875627101887046	1397474
7	0.00240325927734375	0.003138950892857143	1.123065126362349	1296300
8	0.00240325927734375	0.0035873724489795924	0.8032617546045743	1620229
9	0.00240325927734375	0.004099854227405248	0.6287614979117613	4293179
10	0.00240325927734375	0.0035873724489795924	0.8809369451211266	998622
11	0.00240325927734375	0.0035873724489795924	0.8155496587366927	1069949
12	0.00240325927734375	0.00274658203125	0.8720587652840096	5201359
13	0.00240325927734375	0.003138950892857143	0.7899570558511408	1020569
14	0.00240325927734375	0.0035873724489795924	1.17238733278209	801834
15	0.00240325927734375	0.00274658203125	1.184892375765574	2169072
16	0.00240325927734375	0.0047831632653061226	0.6901763035950244	1097734
17	0.00240325927734375	0.00468554768846314	0.910370517333068	1395136
18	0.00240325927734375	0.00468554768846314	0.7541483971669205	3543084
19	0.00240325927734375	0.003138950892857143	0.6286783229102727	635087
20	0.00240325927734375	0.00274658203125	0.6138259267365053	618265
21	0.00240325927734375	0.003138950892857143	0.9484212887319241	3840534
22	0.00240325927734375	0.004099854227405248	0.8510410466055626	446041
23	0.00240325927734375	0.004099854227405248	0.9321018713597573	425746
24	0.00240325927734375	0.0035873724489795924	0.6346335424485795	4688147
25	0.00240325927734375	0.004099854227405248	0.5486569155892225	2460696
26	0.00240325927734375	0.0035873724489795924	0.4411100299132249	1348973
27	0.00240325927734375	0.00274658203125	0.454480653946287	2882833
28	0.00240325927734375	0.0035873724489795924	0.8261411797912966	637987
29	0.00240325927734375	0.003138950892857143	0.7187482815033093	1062229
