0	0.00240325927734375	0.0035873724489795924	0.7705533893840184	331236
1	0.00240325927734375	0.0035873724489795924	0.7329071227033257	314877
2	0.00240325927734375	0.0035873724489795924	0.8081237852217049	312682
3	0.00240325927734375	0.004099854227405248	1.1443953239281488	289316
4	0.00240325927734375	0.00468554768846314	0.7514873387713863	264155
5	0.00240325927734375	0.003138950892857143	0.6079588387919129	256635
6	0.00240325927734375	0.004099854227405248	0.5954285011384068	255819
7	0.00240325927734375	0.003138950892857143	1.0725868664033622	336928
8	0.00240325927734375	0.003138950892857143	0.8958417237534195	255425
9	0.00240325927734375	0.004099854227405248	0.8517829819693437	301707
10	0.00240325927734375	0.0035873724489795924	1.0429948881932471	274935
11	0.00240325927734375	0.004099854227405248	0.7288313822741609	363591
12	0.00240325927734375	0.0035873724489795924	0.6233057228667523	355923
13	0.00240325927734375	0.0035873724489795924	0.5452426373289887	319934
14	0.00240325927734375	0.00468554768846314	0.6930496255740798	335104
15	0.00240325927734375	0.00274658203125	0.36879448250521546	302634
16	0.00240325927734375	0.003138950892857143	0.6781017530482094	346594
17	0.00240325927734375	0.00468554768846314	1.1183292479057882	368735
18	0.00240325927734375	0.003138950892857143	0.9691334427852363	378419
19	0.00240325927734375	0.004099854227405248	1.040421231648276	380239
20	0.00240325927734375	0.004099854227405248	0.26942594390034946	342047
21	0.00240325927734375	0.00468554768846314	0.6119781743442333	340524
22	0.00240325927734375	0.00468554768846314	0.6922948885328926	365767
23	0.00240325927734375	0.004099854227405248	0.9318987375192214	334599
24	0.00240325927734375	0.0035873724489795924	0.626593298130014	341856
25	0.00240325927734375	0.003138950892857143	0.4894829601663889	371457
26	0.00240325927734375	0.003138950892857143	1.1771355348052666	374560
27	0.00240325927734375	0.004099854227405248	1.0499370658246383	287576
28	0.00240325927734375	0.00274658203125	1.084615874422634	355924
29	0.00240325927734375	0.003138950892857143	0.7713976575292031	333640
30	0.00240325927734375	0.003138950892857143	0.7653188021227609	279419
31	0.00240325927734375	0.004099854227405248	0.7561241212438912	398364
32	0.00240325927734375	0.003138950892857143	0.7138680371840772	384755
33	0.00240325927734375	0.004099854227405248	0.5954285011384068	337380
34	0.00240325927734375	0.004099854227405248	0.75335885111495	331229
35	0.00240325927734375	0.0035873724489795924	0.9025419497763941	340898
36	0.00240325927734375	0.003138950892857143	0.8771945676409968	351985
37	0.00240325927734375	0.005466472303206997	1.0453318127408202	375709
38	0.00240325927734375	0.00468554768846314	0.9012349270039088	297892
39	0.00240325927734375	0.0035873724489795924	0.8197681697667183	348187
40	0.00240325927734375	0.004099854227405248	0.7288313822741609	368509
41	0.00240325927734375	0.003138950892857143	0.6724792311079365	344427
42	0.00240325927734375	0.00468554768846314	0.8586827731399579	339099
43	0.00240325927734375	0.0035873724489795924	0.8060920139961625	341014
44	0.00240325927734375	0.005354911643957874	0.8148327828200399	393698
45	0.00240325927734375	0.003138950892857143	1.0218416476024843	353970
46	0.00240325927734375	0.00468554768846314	0.8630719965861138	292285
47	0.00240325927734375	0.005466472303206997	1.0601921544856063	267433
48	0.00240325927734375	0.00468554768846314	0.8603156862729713	374448
49	0.00240325927734375	0.003138950892857143	0.7352289912611724	378231
50	0.00240325927734375	0.00274658203125	0.7161452938815767	385771
51	0.00240325927734375	0.004099854227405248	0.6856331392484519	350678
52	0.00240325927734375	0.00468554768846314	1.0895289882501809	343756
53	0.00240325927734375	0.003138950892857143	0.7557673387673773	382050
54	0.00240325927734375	0.0035873724489795924	0.4894829601663889	380048
55	0.00240325927734375	0.004099854227405248	0.7828071744138969	278966
56	0.00240325927734375	0.003138950892857143	0.7389701136628505	282611
57	0.00240325927734375	0.003138950892857143	0.8941548649077989	292951
58	0.00240325927734375	0.0035873724489795924	0.9108688498752116	375979
59	0.00240325927734375	0.004099854227405248	0.5615350858854704	382028
60	0.00240325927734375	0.004099854227405248	1.0104905928593548	372871
61	0.00240325927734375	0.0035873724489795924	0.5213300879571756	347400
62	0.00240325927734375	0.0035873724489795924	0.6054858133992109	374540
63	0.00240325927734375	0.0035873724489795924	0.5953033681844802	340519
64	0.00240325927734375	0.006119899021666142	1.201092045947186	359236
65	0.00240325927734375	0.00274658203125	0.6048818518042537	330065
66	0.00240325927734375	0.005354911643957874	0.6922948885328926	367626
67	0.00240325927734375	0.004099854227405248	1.0142450765306563	339722
68	0.00240325927734375	0.00274658203125	0.5783102202625546	334743
69	0.00240325927734375	0.00468554768846314	0.9087886089410938	329585
70	0.00240325927734375	0.005354911643957874	0.8691547715913189	366526
71	0.00240325927734375	0.0035873724489795924	0.4211648028270305	349708
72	0.00240325927734375	0.003138950892857143	0.8999337051380446	400389
73	0.00240325927734375	0.006119899021666142	0.573962807042313	347229
74	0.00240325927734375	0.0035873724489795924	0.9948304085026127	396304
75	0.00240325927734375	0.0035873724489795924	0.6286783229102727	378005
76	0.00240325927734375	0.00274658203125	0.40280709735251885	399810
77	0.00240325927734375	0.0035873724489795924	0.678718033354089	387877
78	0.00240325927734375	0.0035873724489795924	0.5650910707720596	398628
79	0.00240325927734375	0.003138950892857143	0.3441138700103165	365571
80	0.00240325927734375	0.0035873724489795924	0.985068273871081	374235
81	0.00240325927734375	0.00274658203125	0.620896954757578	376368
82	0.00240325927734375	0.003138950892857143	0.7491792958577184	340441
83	0.00240325927734375	0.003138950892857143	0.6135260577177766	362915
84	0.00240325927734375	0.004099854227405248	0.9872654212651402	316469
85	0.00240325927734375	0.003138950892857143	0.7108366841068481	343710
86	0.00240325927734375	0.004099854227405248	0.903683476947893	366572
87	0.00240325927734375	0.003138950892857143	0.8750162745602816	361796
88	0.00240325927734375	0.00468554768846314	1.2372964539457414	329878
89	0.00240325927734375	0.003138950892857143	0.7185392226288418	364719
90	0.00240325927734375	0.006119899021666142	1.0871956960862983	397913
91	0.00240325927734375	0.004099854227405248	0.6150695573229844	368700
92	0.00240325927734375	0.004099854227405248	1.0730724114440287	355822
93	0.00240325927734375	0.0035873724489795924	0.798870033592171	348300
94	0.00240325927734375	0.004099854227405248	0.6429197020950927	374555
95	0.00240325927734375	0.003138950892857143	0.8427230443719522	325533
96	0.00240325927734375	0.00240325927734375	0.6875862849499039	327816
97	0.00240325927734375	0.005354911643957874	0.8922053832921163	365005
98	0.00240325927734375	0.003138950892857143	0.6424697486337936	367545
99	0.00240325927734375	0.00274658203125	0.9170932701802842	372389
100	0.00240325927734375	0.0035873724489795924	0.8630047887241346	303565
101	0.00240325927734375	0.004099854227405248	0.9582519574245381	326542
102	0.00240325927734375	0.004099854227405248	0.9604816497699789	364087
103	0.00240325927734375	0.003138950892857143	0.8721258381388592	374333
104	0.00240325927734375	0.00274658203125	0.7580118956197238	353673
105	0.00240325927734375	0.00468554768846314	0.7263119716645767	374523
106	0.00240325927734375	0.004099854227405248	1.0134254310609594	347299
107	0.00240325927734375	0.003138950892857143	1.048298273728143	350760
108	0.00240325927734375	0.00274658203125	0.7766891816227435	350490
109	0.00240325927734375	0.00468554768846314	0.9420219131666361	384537
110	0.00240325927734375	0.005354911643957874	0.8998535104013241	354839
111	0.00240325927734375	0.0035873724489795924	0.7033188047966832	294973
112	0.00240325927734375	0.004099854227405248	0.9228473807437476	344994
113	0.00240325927734375	0.0035873724489795924	0.5191529685340931	378498
114	0.00240325927734375	0.0035873724489795924	0.7121910642263108	327529
115	0.00240325927734375	0.004099854227405248	0.9505679470777693	326016
116	0.00240325927734375	0.00468554768846314	0.7113147139892037	354101
117	0.00240325927734375	0.004099854227405248	0.5166005319096117	377498
118	0.00240325927734375	0.004099854227405248	1.0485332434416832	366938
119	0.00240325927734375	0.004099854227405248	0.8367592916745693	298734
120	0.00240325927734375	0.003138950892857143	0.571780156306666	357589
121	0.00240325927734375	0.0047831632653061226	0.9426390569519268	365422
122	0.00240325927734375	0.003138950892857143	0.6872065200411286	378979
123	0.00240325927734375	0.0035873724489795924	0.6823879971463176	338329
124	0.00240325927734375	0.0035873724489795924	0.6970482110580039	354727
