0	0.00240325927734375	0.004099854227405248	1.1394113741840048	280376
1	0.00240325927734375	0.00274658203125	0.845436624221483	239349
2	0.00240325927734375	0.005354911643957874	1.1309566361824364	233471
3	0.00240325927734375	0.00274658203125	0.8244601914921321	239456
4	0.00240325927734375	0.004099854227405248	0.7561241212438912	250841
5	0.00240325927734375	0.003138950892857143	0.8493994090737993	278197
6	0.00240325927734375	0.006119899021666142	0.7574972202614769	271652
7	0.00240325927734375	0.003138950892857143	0.7835618775557616	247099
8	0.00240325927734375	0.006119899021666142	1.304335414622632	272743
9	0.00240325927734375	0.0035873724489795924	0.7439918209191354	343107
10	0.00240325927734375	0.005354911643957874	0.9762866309231297	299218
11	0.00240325927734375	0.004099854227405248	0.5846438992057731	295905
12	0.00240325927734375	0.006119899021666142	0.8037262531341928	262680
13	0.00240325927734375	0.003138950892857143	0.7236311906561369	318055
14	0.00240325927734375	0.00468554768846314	0.9338399985870154	305306
15	0.00240325927734375	0.003138950892857143	0.8164023349733132	356273
16	0.00240325927734375	0.003138950892857143	0.5960468963358099	320940
17	0.00240325927734375	0.004099854227405248	0.8721258381388592	281559
18	0.00240325927734375	0.00274658203125	0.7121021684765703	310847
19	0.00240325927734375	0.0035873724489795924	0.27942865957240903	359200
20	0.00240325927734375	0.003138950892857143	0.9630927293491132	312712
21	0.00240325927734375	0.004099854227405248	0.8896103154407486	308855
22	0.00240325927734375	0.0035873724489795924	0.6439759327792607	342193
23	0.00240325927734375	0.005354911643957874	0.7724691468982505	310470
24	0.00240325927734375	0.004099854227405248	0.7454369515957597	308124
25	0.00240325927734375	0.0035873724489795924	0.6344324522427114	321212
26	0.00240325927734375	0.0035873724489795924	0.9426703884618921	320368
27	0.00240325927734375	0.003138950892857143	0.8624069174244312	312161
28	0.00240325927734375	0.0035873724489795924	0.9369309312678383	322674
29	0.00240325927734375	0.004099854227405248	0.9037838868511199	306490
30	0.00240325927734375	0.004099854227405248	0.47459189989497363	277927
31	0.00240325927734375	0.003138950892857143	0.5521229218175507	307525
32	0.00240325927734375	0.005354911643957874	1.1948126181238075	360351
33	0.00240325927734375	0.004099854227405248	0.9157010598126221	327062
34	0.00240325927734375	0.0035873724489795924	0.7574631245884003	287603
35	0.00240325927734375	0.003138950892857143	0.47989498236885453	297855
36	0.00240325927734375	0.003138950892857143	0.6302961802268212	280103
37	0.00240325927734375	0.00468554768846314	0.9548294185094259	327445
38	0.00240325927734375	0.003138950892857143	0.4216151515430648	327323
39	0.00240325927734375	0.005354911643957874	0.7684305123351599	318774
40	0.00240325927734375	0.0035873724489795924	1.0679088826274004	353793
41	0.00240325927734375	0.00274658203125	1.075977638689741	327293
42	0.00240325927734375	0.003138950892857143	0.4629630727915729	313882
43	0.00240325927734375	0.00468554768846314	0.63369547406758	302972
44	0.00240325927734375	0.0035873724489795924	0.6588402520167402	352525
45	0.00240325927734375	0.003138950892857143	0.9024196828431963	357800
46	0.00240325927734375	0.0035873724489795924	0.6342688642426048	317828
47	0.00240325927734375	0.00274658203125	0.9703763087916961	317960
48	0.00240325927734375	0.004099854227405248	0.4726765573913526	309322
49	0.00240325927734375	0.003138950892857143	0.8710438557887885	273969
50	0.00240325927734375	0.00240325927734375	0.6482976636120993	318744
51	0.00240325927734375	0.0035873724489795924	0.8978032354832114	301118
52	0.00240325927734375	0.004099854227405248	0.9255739588348157	317356
53	0.00240325927734375	0.004099854227405248	0.8595464587295538	260520
54	0.00240325927734375	0.0035873724489795924	0.620896954757578	316847
55	0.00240325927734375	0.00274658203125	0.9209441002786112	305002
56	0.00240325927734375	0.005354911643957874	0.7823338507602664	301137
57	0.00240325927734375	0.0035873724489795924	0.7442915711679607	271194
58	0.00240325927734375	0.005354911643957874	0.9705202926635323	262567
59	0.00240325927734375	0.00468554768846314	0.6286783229102727	286658
60	0.00240325927734375	0.00274658203125	0.9872614543102005	318695
61	0.00240325927734375	0.0035873724489795924	0.5957011110120926	298521
62	0.00240325927734375	0.003138950892857143	0.3280673200675872	303001
63	0.00240325927734375	0.00468554768846314	0.9258675528940141	270161
64	0.00240325927734375	0.003138950892857143	0.7690028853645818	305127
65	0.00240325927734375	0.003138950892857143	0.9655931741981673	309450
66	0.00240325927734375	0.004099854227405248	0.964735938712218	323704
67	0.00240325927734375	0.0035873724489795924	0.6119781743442333	318703
68	0.00240325927734375	0.003138950892857143	1.1292957262790573	297452
69	0.00240325927734375	0.004099854227405248	1.0659921932526442	348356
70	0.00240325927734375	0.004099854227405248	0.3966839071762177	355764
71	0.00240325927734375	0.0035873724489795924	0.7743735679391083	317160
72	0.00240325927734375	0.003138950892857143	0.8447152653334721	326856
73	0.00240325927734375	0.003138950892857143	0.7297648927213662	314030
74	0.00240325927734375	0.004099854227405248	0.916280272232852	315456
75	0.00240325927734375	0.004099854227405248	0.551532359870496	299855
76	0.00240325927734375	0.006119899021666142	1.1310592586554284	299187
77	0.00240325927734375	0.00240325927734375	0.6112910728296638	309320
78	0.00240325927734375	0.00240325927734375	0.8933324984997155	310993
79	0.00240325927734375	0.003138950892857143	0.789957055851141	315865
80	0.00240325927734375	0.00468554768846314	1.1413147980288074	324092
81	0.00240325927734375	0.00468554768846314	0.8929150890219418	315556
82	0.00240325927734375	0.00274658203125	0.6150695573229844	356812
83	0.00240325927734375	0.00468554768846314	0.6346335424485795	286437
84	0.00240325927734375	0.005354911643957874	1.177706235604421	312082
85	0.00240325927734375	0.0035873724489795924	0.40393131528134174	309194
86	0.00240325927734375	0.003138950892857143	0.4629630727915729	310276
87	0.00240325927734375	0.0035873724489795924	0.5868536531086868	306161
88	0.00240325927734375	0.0035873724489795924	0.7158486184615922	295383
89	0.00240325927734375	0.0035873724489795924	0.7506463086289268	303388
90	0.00240325927734375	0.0035873724489795924	1.0504217918600145	305040
91	0.00240325927734375	0.0035873724489795924	0.5712260593395756	307403
92	0.00240325927734375	0.0035873724489795924	0.47476898425025754	307313
93	0.00240325927734375	0.003138950892857143	0.7690028853645818	355806
94	0.00240325927734375	0.0035873724489795924	0.9097712261473866	363406
95	0.00240325927734375	0.004099854227405248	0.8737946389371779	319792
96	0.00240325927734375	0.0035873724489795924	0.720740839852452	357432
97	0.00240325927734375	0.004099854227405248	0.8762268642006199	309794
98	0.00240325927734375	0.00468554768846314	0.8011054648787022	350908
99	0.00240325927734375	0.00274658203125	0.7153830600247274	303741
100	0.00240325927734375	0.0035873724489795924	0.7360273749930983	290416
101	0.00240325927734375	0.003138950892857143	0.6834080365515345	268656
102	0.00240325927734375	0.0035873724489795924	0.4411100299132249	301245
103	0.00240325927734375	0.003138950892857143	0.9586990923255814	355030
104	0.00240325927734375	0.004099854227405248	1.0160987939557333	347672
105	0.00240325927734375	0.004099854227405248	0.9832060031303324	318063
106	0.00240325927734375	0.00240325927734375	0.4321472194956394	358138
17	0.00240325927734375	0.00468554768846314	0.8998535104013241	671658
18	0.00240325927734375	0.00274658203125	0.6834080365515345	3057666
19	0.00240325927734375	0.0035873724489795924	0.4115028919152935	404753
20	0.00240325927734375	0.0035873724489795924	0.9159106139415947	403402
21	0.00240325927734375	0.0035873724489795924	0.7517992368724249	2044268
22	0.00240325927734375	0.0035873724489795924	0.8037079442865664	504207
0	0.00240325927734375	0.0035873724489795924	0.5569649071412717	433024
1	0.00240325927734375	0.003138950892857143	0.9872076348659349	342578
2	0.00240325927734375	0.003138950892857143	0.641921615407157	393751
3	0.00240325927734375	0.0035873724489795924	1.050498915553917	3493753
4	0.00240325927734375	0.0035873724489795924	0.6859444391123852	533446
5	0.00240325927734375	0.004099854227405248	0.9428532274627103	356774
6	0.00240325927734375	0.004099854227405248	0.8004633658516284	3825166
7	0.00240325927734375	0.00468554768846314	0.5723611479129064	697186
8	0.00240325927734375	0.0035873724489795924	0.8680239985130676	385174
9	0.00240325927734375	0.0035873724489795924	0.8685448948200387	3724034
10	0.00240325927734375	0.00468554768846314	0.9452491864130965	1015349
11	0.00240325927734375	0.004099854227405248	1.027663068558194	419709
