0	0.00240325927734375	0.0035873724489795924	0.6679190683377125	256478
1	0.00240325927734375	0.003138950892857143	0.7839682388186606	257554
2	0.00240325927734375	0.003138950892857143	1.005436073907828	252278
3	0.00240325927734375	0.005354911643957874	0.9970032364040657	329719
4	0.00240325927734375	0.00240325927734375	0.8130371779342995	330777
5	0.00240325927734375	0.003138950892857143	0.9675015714251498	304325
6	0.00240325927734375	0.004099854227405248	0.7350452596448958	592580
7	0.00240325927734375	0.0035873724489795924	0.977980158420021	369099
8	0.00240325927734375	0.00274658203125	0.37724082830877137	357009
9	0.00240325927734375	0.0035873724489795924	0.711994084723933	740041
10	0.00240325927734375	0.0035873724489795924	0.721152003996488	338951
11	0.00240325927734375	0.00274658203125	0.5898933704546431	294451
12	0.00240325927734375	0.00274658203125	0.4321472194956394	286950
13	0.00240325927734375	0.004099854227405248	0.6162559286645557	307458
14	0.00240325927734375	0.003138950892857143	0.8958417237534195	454475
15	0.00240325927734375	0.004099854227405248	1.0653567207630474	760854
16	0.00240325927734375	0.003138950892857143	0.44421749349124495	360531
17	0.00240325927734375	0.0035873724489795924	0.9108688498752116	304636
18	0.00240325927734375	0.00468554768846314	0.7910998227613809	300355
19	0.00240325927734375	0.0035873724489795924	0.9369309312678383	324072
20	0.00240325927734375	0.004099854227405248	0.6162559286645557	264006
21	0.00240325927734375	0.004099854227405248	0.8857637555567446	831087
22	0.00240325927734375	0.00468554768846314	0.9648071089958057	408726
23	0.00240325927734375	0.003138950892857143	0.6011893097203033	394025
24	0.00240325927734375	0.00274658203125	0.6428849052002525	419319
25	0.00240325927734375	0.004099854227405248	0.8332146183126564	277455
26	0.00240325927734375	0.0035873724489795924	0.5957011110120926	312215
27	0.00240325927734375	0.003138950892857143	0.8106988411249275	2208337
28	0.00240325927734375	0.003138950892857143	0.9234948073671841	640783
29	0.00240325927734375	0.00468554768846314	0.6648552371156095	465547
30	0.00240325927734375	0.003138950892857143	0.9403824841077493	1516856
31	0.00240325927734375	0.003138950892857143	0.9300685321782969	395314
32	0.00240325927734375	0.003138950892857143	0.9501425464809116	602524
33	0.00240325927734375	0.004099854227405248	0.8776103363584078	2888365
34	0.00240325927734375	0.004099854227405248	1.0649369231018484	430749
35	0.00240325927734375	0.00274658203125	0.84001356358141	467624
36	0.00240325927734375	0.005354911643957874	0.7724691468982505	3831999
37	0.00240325927734375	0.005354911643957874	1.0121999334210436	752350
38	0.00240325927734375	0.0035873724489795924	0.657088682269622	776574
39	0.00240325927734375	0.003138950892857143	0.9541228585377112	2737526
40	0.00240325927734375	0.004099854227405248	0.7391037230542011	671374
41	0.00240325927734375	0.003138950892857143	0.7930779345010727	710448
42	0.00240325927734375	0.004099854227405248	0.6999178204163299	5228194
43	0.00240325927734375	0.004099854227405248	1.118631537498586	691112
44	0.00240325927734375	0.00468554768846314	0.7763992546488784	472342
45	0.00240325927734375	0.00468554768846314	0.8753972880241917	5889697
46	0.00240325927734375	0.006119899021666142	0.7258381371767471	1500138
47	0.00240325927734375	0.0035873724489795924	0.8091138562248298	369280
48	0.00240325927734375	0.0035873724489795924	0.8671612380315802	415640
49	0.00240325927734375	0.004099854227405248	0.37199129458584634	350667
50	0.00240325927734375	0.004099854227405248	0.8011054648787022	348873
51	0.00240325927734375	0.00274658203125	0.9770133013476229	348819
52	0.00240325927734375	0.00274658203125	0.2207872834051713	353471
53	0.00240325927734375	0.003138950892857143	0.6834080365515345	351085
54	0.00240325927734375	0.003138950892857143	0.6106733468314501	355617
55	0.00240325927734375	0.004099854227405248	0.8207379126656511	502181
56	0.00240325927734375	0.006119899021666142	1.0990535760425741	547552
57	0.00240325927734375	0.003138950892857143	0.3527599326579586	4257341
58	0.00240325927734375	0.0035873724489795924	0.7749692303191569	490149
59	0.00240325927734375	0.00274658203125	0.5452426373289887	416122
60	0.00240325927734375	0.005466472303206997	0.7148569160899233	3962264
61	0.00240325927734375	0.003138950892857143	0.4307214741276705	427567
62	0.00240325927734375	0.004099854227405248	1.048930076471135	411840
63	0.00240325927734375	0.00274658203125	0.8651536025005631	4269715
64	0.00240325927734375	0.0035873724489795924	0.7108366841068481	483089
65	0.00240325927734375	0.005354911643957874	0.8535713118027233	408886
66	0.00240325927734375	0.003138950892857143	0.6769383500465617	4082442
67	0.00240325927734375	0.005354911643957874	1.0057162110504019	542054
68	0.00240325927734375	0.0035873724489795924	1.0037153137185875	416080
69	0.00240325927734375	0.0035873724489795924	0.8586827731399579	4446683
70	0.00240325927734375	0.005354911643957874	0.6806215359510435	713845
71	0.00240325927734375	0.003138950892857143	0.6348173593301913	483306
72	0.00240325927734375	0.003138950892857143	0.5699687484523538	4001096
73	0.00240325927734375	0.005466472303206997	0.5746429876726563	632368
74	0.00240325927734375	0.005354911643957874	0.9100440850410473	1037809
21	0.00240325927734375	0.00274658203125	0.6079588387919129	4636571
22	0.00240325927734375	0.003138950892857143	0.6875862849499039	573092
23	0.00240325927734375	0.003138950892857143	0.9402585136519359	409054
24	0.00240325927734375	0.004099854227405248	0.37199129458584634	4268484
25	0.00240325927734375	0.00468554768846314	0.6908642302209882	553162
26	0.00240325927734375	0.0035873724489795924	1.0628050929007267	391206
27	0.00240325927734375	0.0035873724489795924	0.8249687162222599	5015423
28	0.00240325927734375	0.004099854227405248	0.7332331341776858	982441
29	0.00240325927734375	0.004099854227405248	0.6963537400914321	694564
30	0.00240325927734375	0.00468554768846314	0.7777739970879921	4423882
31	0.00240325927734375	0.004099854227405248	0.7516166966317038	1172308
32	0.00240325927734375	0.004099854227405248	0.5486569155892225	775356
33	0.00240325927734375	0.005354911643957874	0.8166792361495835	2479060
34	0.00240325927734375	0.00468554768846314	0.8858899064089981	647801
35	0.00240325927734375	0.003138950892857143	0.4140351812241149	558447
36	0.00240325927734375	0.003138950892857143	0.26942594390034946	3441884
37	0.00240325927734375	0.0035873724489795924	0.7671398196578567	1139109
38	0.00240325927734375	0.004099854227405248	1.2870103771673507	989737
39	0.00240325927734375	0.004099854227405248	1.0132990859139697	1523791
40	0.00240325927734375	0.004099854227405248	0.9652046902782456	795338
41	0.00240325927734375	0.005354911643957874	0.626593298130014	1014392
42	0.00240325927734375	0.0035873724489795924	0.7222896573560231	3679888
43	0.00240325927734375	0.00468554768846314	0.9913113465271339	737590
44	0.00240325927734375	0.005354911643957874	0.9854458216497919	614667
45	0.00240325927734375	0.00274658203125	0.6675066333863985	3521591
46	0.00240325927734375	0.004099854227405248	0.9755418157437152	771792
47	0.00240325927734375	0.00468554768846314	0.635782759994945	466872
48	0.00240325927734375	0.0035873724489795924	0.679250968251353	2766722
49	0.00240325927734375	0.003138950892857143	0.5213300879571756	705241
50	0.00240325927734375	0.00274658203125	0.7332331341776858	504364
51	0.00240325927734375	0.0035873724489795924	1.1447392446020364	3515025
52	0.00240325927734375	0.0035873724489795924	0.9841945065174997	686488
53	0.00240325927734375	0.003138950892857143	0.8834413009570706	436929
0	0.00240325927734375	0.004099854227405248	0.675006914576907	262187
1	0.00240325927734375	0.003138950892857143	0.8235301377359273	251219
2	0.00240325927734375	0.004099854227405248	0.8459214505609385	257224
3	0.00240325927734375	0.00468554768846314	0.8998535104013241	371325
4	0.00240325927734375	0.00274658203125	0.5022648752979952	379599
5	0.00240325927734375	0.004099854227405248	0.5988624626688432	264266
6	0.00240325927734375	0.004099854227405248	0.8587705982742075	1849113
7	0.00240325927734375	0.0035873724489795924	0.925169479014451	429314
8	0.00240325927734375	0.0035873724489795924	0.6598978464616041	653992
9	0.00240325927734375	0.00274658203125	0.8006698763828854	2103414
10	0.00240325927734375	0.004099854227405248	0.7530068746976755	820705
11	0.00240325927734375	0.004099854227405248	0.8197681697667183	539598
12	0.00240325927734375	0.006119899021666142	0.979848976352885	3385655
13	0.00240325927734375	0.00274658203125	0.7795583161299493	651249
14	0.00240325927734375	0.004099854227405248	1.13765763570734	478227
15	0.00240325927734375	0.0035873724489795924	0.4211648028270305	3822606
16	0.00240325927734375	0.004099854227405248	0.5277457326021664	448502
