0	0.00240325927734375	0.005354911643957874	0.9856437700454516	333085
1	0.00240325927734375	0.004099854227405248	1.049587081443295	278210
2	0.00240325927734375	0.006119899021666142	1.0782855790974435	267505
3	0.00240325927734375	0.005354911643957874	0.7477836847950751	264096
4	0.00240325927734375	0.003138950892857143	0.7718346639620645	270540
5	0.00240325927734375	0.00468554768846314	0.978628817976084	308017
6	0.00240325927734375	0.004099854227405248	1.0617723372482522	303797
7	0.00240325927734375	0.004099854227405248	0.7176602883672526	264947
8	0.00240325927734375	0.00468554768846314	0.5602944237215381	319665
9	0.00240325927734375	0.0035873724489795924	1.1843369543955775	323723
10	0.00240325927734375	0.004099854227405248	0.968916231681962	264804
11	0.00240325927734375	0.003138950892857143	0.5169954825889849	340036
12	0.00240325927734375	0.0035873724489795924	0.8195832568849986	264953
13	0.00240325927734375	0.003138950892857143	1.0382168632690036	307096
14	0.00240325927734375	0.00468554768846314	0.7098675783837675	324089
15	0.00240325927734375	0.0035873724489795924	1.0724735867565043	265021
16	0.00240325927734375	0.004099854227405248	0.6342688642426048	275931
17	0.00240325927734375	0.005354911643957874	1.0102681585212627	259516
18	0.00240325927734375	0.003138950892857143	0.7543839517287534	312952
19	0.00240325927734375	0.003138950892857143	0.654777075877634	265831
20	0.00240325927734375	0.005354911643957874	1.1419924899896328	322419
21	0.00240325927734375	0.00274658203125	0.7886630831228685	327896
22	0.00240325927734375	0.0035873724489795924	0.888130750304418	333771
23	0.00240325927734375	0.006119899021666142	1.056264686678637	308850
24	0.00240325927734375	0.004099854227405248	0.7314541204626409	270258
25	0.00240325927734375	0.003138950892857143	0.5953033681844802	319549
26	0.00240325927734375	0.003138950892857143	0.821441516771252	365633
27	0.00240325927734375	0.0035873724489795924	1.0751257875023166	321533
28	0.00240325927734375	0.006119899021666142	0.7561241212438912	321884
29	0.00240325927734375	0.004099854227405248	0.6770712723003275	310786
30	0.00240325927734375	0.00468554768846314	1.103666503838269	327035
31	0.00240325927734375	0.00468554768846314	1.060243130550667	315635
32	0.00240325927734375	0.0035873724489795924	0.6580473193539779	348984
33	0.00240325927734375	0.0035873724489795924	0.22858055408794858	330862
34	0.00240325927734375	0.004099854227405248	0.6057148240511083	269917
35	0.00240325927734375	0.00274658203125	0.6724052979937339	316482
36	0.00240325927734375	0.003138950892857143	0.4307214741276705	327683
37	0.00240325927734375	0.004099854227405248	0.7176602883672526	333217
38	0.00240325927734375	0.003138950892857143	0.38288381031244606	327827
39	0.00240325927734375	0.005354911643957874	0.6486059469237553	307582
40	0.00240325927734375	0.0035873724489795924	0.9367817619063036	327109
41	0.00240325927734375	0.003138950892857143	0.8106988411249275	372238
42	0.00240325927734375	0.0035873724489795924	0.9207183941476196	283426
43	0.00240325927734375	0.005466472303206997	1.146907766668334	332694
44	0.00240325927734375	0.003138950892857143	0.3949968548992396	318253
45	0.00240325927734375	0.0035873724489795924	0.37724082830877137	339417
46	0.00240325927734375	0.003138950892857143	0.6834080365515345	255554
47	0.00240325927734375	0.003138950892857143	0.6030838907072111	366659
48	0.00240325927734375	0.005354911643957874	0.8661963519825046	331474
49	0.00240325927734375	0.005354911643957874	0.8416398186986569	307700
50	0.00240325927734375	0.00274658203125	0.6112513686394822	331771
51	0.00240325927734375	0.0035873724489795924	0.91537785324315	287297
52	0.00240325927734375	0.0035873724489795924	0.635782759994945	277290
53	0.00240325927734375	0.005354911643957874	0.9658666227688893	318749
54	0.00240325927734375	0.0035873724489795924	0.5985635203069305	364096
55	0.00240325927734375	0.005354911643957874	0.8991628336168439	316334
56	0.00240325927734375	0.00274658203125	0.9690118935003057	365721
57	0.00240325927734375	0.005354911643957874	0.9776165607512262	239722
58	0.00240325927734375	0.003138950892857143	0.8650302088692631	238128
59	0.00240325927734375	0.00274658203125	0.7947623881734774	336151
60	0.00240325927734375	0.00274658203125	0.6705883535104707	325270
61	0.00240325927734375	0.0035873724489795924	0.8830776788031564	346023
62	0.00240325927734375	0.00468554768846314	0.5895170305537488	342694
63	0.00240325927734375	0.00468554768846314	1.255916177128748	313841
64	0.00240325927734375	0.004099854227405248	0.8551368402835844	316053
65	0.00240325927734375	0.0035873724489795924	0.957300104651448	315104
66	0.00240325927734375	0.00468554768846314	1.0841326943668448	280331
67	0.00240325927734375	0.004099854227405248	0.8778651508786142	277214
68	0.00240325927734375	0.003138950892857143	0.3850903346964476	288152
69	0.00240325927734375	0.006119899021666142	0.8715630078399568	283707
70	0.00240325927734375	0.0035873724489795924	0.8078284550002209	237472
71	0.00240325927734375	0.005354911643957874	0.8692826104380562	266249
72	0.00240325927734375	0.006119899021666142	1.0678848081153984	253505
73	0.00240325927734375	0.00240325927734375	0.5384231794997104	325568
74	0.00240325927734375	0.006119899021666142	0.91346994735868	309020
75	0.00240325927734375	0.0035873724489795924	0.684804007684932	325374
76	0.00240325927734375	0.0035873724489795924	0.9968554804881236	317836
77	0.00240325927734375	0.004099854227405248	0.8594132670874113	327113
78	0.00240325927734375	0.004099854227405248	0.920741922547555	332241
79	0.00240325927734375	0.00468554768846314	1.1364037786521632	283277
80	0.00240325927734375	0.003138950892857143	0.752599378414696	309739
81	0.00240325927734375	0.00468554768846314	0.7098675783837675	263340
82	0.00240325927734375	0.00468554768846314	0.8742988426683123	326951
83	0.00240325927734375	0.00274658203125	0.5051155787649115	237311
84	0.00240325927734375	0.003138950892857143	0.999028480749427	265539
85	0.00240325927734375	0.003138950892857143	0.7248448335959164	290629
86	0.00240325927734375	0.003138950892857143	0.5604910948987741	263112
87	0.00240325927734375	0.00468554768846314	0.9054905746206932	326478
88	0.00240325927734375	0.0035873724489795924	0.6818207145066544	309891
89	0.00240325927734375	0.005466472303206997	0.8857637555567446	285969
90	0.00240325927734375	0.00468554768846314	0.6648552371156095	289691
91	0.00240325927734375	0.003138950892857143	0.6561111698386768	297670
92	0.00240325927734375	0.005354911643957874	0.573962807042313	328413
93	0.00240325927734375	0.0035873724489795924	0.9938426429436865	342757
94	0.00240325927734375	0.004099854227405248	0.8597318601923023	324255
95	0.00240325927734375	0.00468554768846314	0.8297158704907285	314149
96	0.00240325927734375	0.00274658203125	0.7580118956197238	312822
97	0.00240325927734375	0.005354911643957874	0.6486059469237553	297150
98	0.00240325927734375	0.004099854227405248	0.5517168203325604	375899
99	0.00240325927734375	0.003138950892857143	1.0393695494639084	357788
100	0.00240325927734375	0.004099854227405248	1.0730724114440287	292398
101	0.00240325927734375	0.0035873724489795924	0.8349274517797342	300087
102	0.00240325927734375	0.0035873724489795924	0.5957011110120926	319257
103	0.00240325927734375	0.00240325927734375	0.6875862849499039	332487
104	0.00240325927734375	0.003138950892857143	0.8085653684344305	362775
105	0.00240325927734375	0.004099854227405248	1.1470124889351285	330767
106	0.00240325927734375	0.00468554768846314	0.6433920000012137	366837
107	0.00240325927734375	0.003138950892857143	0.5476805354180074	376904
108	0.00240325927734375	0.003138950892857143	0.7839682388186606	322581
109	0.00240325927734375	0.003138950892857143	0.47989498236885453	371161
110	0.00240325927734375	0.004099854227405248	0.6286783229102727	333676
111	0.00240325927734375	0.00274658203125	0.7187482815033093	307135
112	0.00240325927734375	0.00468554768846314	0.5895170305537488	258121
113	0.00240325927734375	0.0035873724489795924	1.0494881159686293	284346
114	0.00240325927734375	0.0035873724489795924	0.740837906471948	311558
115	0.00240325927734375	0.004099854227405248	0.9482987579705014	259532
116	0.00240325927734375	0.004099854227405248	1.0036415679413553	276498
117	0.00240325927734375	0.00274658203125	0.554445230212033	355795
118	0.00240325927734375	0.00274658203125	0.82322681526833	279181
119	0.00240325927734375	0.00468554768846314	0.6483144077034084	281109
120	0.00240325927734375	0.004099854227405248	1.129602099172755	282236
121	0.00240325927734375	0.003138950892857143	0.551532359870496	323420
122	0.00240325927734375	0.0035873724489795924	0.8554001893389152	322433
123	0.00240325927734375	0.004099854227405248	0.9385335663181938	273708
124	0.00240325927734375	0.00468554768846314	0.8589103659386872	276556
