0	0.00240325927734375	0.0035873724489795924	0.8417625898440853	295096
1	0.00240325927734375	0.004099854227405248	1.0208025119132043	256863
2	0.00240325927734375	0.006119899021666142	1.184474698317965	277519
3	0.00240325927734375	0.0035873724489795924	0.7776709937426944	510191
4	0.00240325927734375	0.0035873724489795924	1.1350592686033527	371381
5	0.00240325927734375	0.004099854227405248	0.8569716041608297	452282
6	0.00240325927734375	0.003138950892857143	0.7379796434311969	994308
7	0.00240325927734375	0.004099854227405248	0.8037652788611146	640891
8	0.00240325927734375	0.004099854227405248	1.3480315548873054	865004
9	0.00240325927734375	0.005354911643957874	0.7528811701837897	2700491
10	0.00240325927734375	0.004099854227405248	1.0608010086530082	485115
11	0.00240325927734375	0.003138950892857143	0.5898933704546431	523187
12	0.00240325927734375	0.004099854227405248	0.9377312446277385	3198245
13	0.00240325927734375	0.00274658203125	1.1152856472759605	913179
14	0.00240325927734375	0.00468554768846314	0.8195832568849986	557460
15	0.00240325927734375	0.004099854227405248	0.9688118333757038	1775034
16	0.00240325927734375	0.00274658203125	0.6874916774535854	585478
17	0.00240325927734375	0.00468554768846314	1.0646526305919717	584768
18	0.00240325927734375	0.003138950892857143	0.6910228171134865	3789644
19	0.00240325927734375	0.00274658203125	0.620896954757578	730895
20	0.00240325927734375	0.003138950892857143	0.5081004792861414	1989611
21	0.00240325927734375	0.004099854227405248	1.0436822994161086	3287220
22	0.00240325927734375	0.0035873724489795924	0.5105102843732272	1806772
23	0.00240325927734375	0.0035873724489795924	1.241059920870414	835779
24	0.00240325927734375	0.004099854227405248	1.1295961381120636	2296914
25	0.00240325927734375	0.004099854227405248	1.1040113796834765	459602
26	0.00240325927734375	0.004099854227405248	0.8137005715497756	588665
27	0.00240325927734375	0.0035873724489795924	0.6034688569297676	3223040
28	0.00240325927734375	0.005354911643957874	0.6806215359510435	544985
29	0.00240325927734375	0.00468554768846314	0.6806215359510435	501434
30	0.00240325927734375	0.0035873724489795924	0.9705313242133289	4495079
31	0.00240325927734375	0.004099854227405248	0.9891477986394788	616496
32	0.00240325927734375	0.00468554768846314	0.773391103303477	640771
33	0.00240325927734375	0.004099854227405248	0.6328168484142378	1063419
34	0.00240325927734375	0.004099854227405248	1.0004402050578673	350100
35	0.00240325927734375	0.006119899021666142	0.6348663589710202	352370
36	0.00240325927734375	0.005354911643957874	0.8623627748986834	363335
37	0.00240325927734375	0.0035873724489795924	1.0275043633246965	348130
38	0.00240325927734375	0.003138950892857143	0.5164409773359109	352135
39	0.00240325927734375	0.0035873724489795924	0.7718183246301525	361125
40	0.00240325927734375	0.003138950892857143	0.7187482815033093	349569
41	0.00240325927734375	0.00468554768846314	0.6131253707783104	346392
42	0.00240325927734375	0.00468554768846314	1.0871082967491454	352383
43	0.00240325927734375	0.003138950892857143	0.493481545650313	472327
44	0.00240325927734375	0.00468554768846314	0.44310970425036134	470945
45	0.00240325927734375	0.004099854227405248	0.9564183352146373	878802
46	0.00240325927734375	0.0035873724489795924	0.9870603326662685	568916
47	0.00240325927734375	0.0035873724489795924	1.0504217918600145	740678
48	0.00240325927734375	0.005354911643957874	0.7561241212438912	896376
49	0.00240325927734375	0.00468554768846314	1.0882899063396905	428000
50	0.00240325927734375	0.00468554768846314	0.749090449821767	508464
51	0.00240325927734375	0.004099854227405248	0.6688323068437062	639235
52	0.00240325927734375	0.0035873724489795924	0.7718183246301525	414615
53	0.00240325927734375	0.004099854227405248	1.0561683553127326	564965
54	0.00240325927734375	0.00468554768846314	0.8278584862292416	924248
55	0.00240325927734375	0.003138950892857143	0.6236337952085094	495167
56	0.00240325927734375	0.0035873724489795924	0.8305462837641712	524809
57	0.00240325927734375	0.005354911643957874	1.194430989988747	643093
58	0.00240325927734375	0.00274658203125	0.5051155787649115	511764
59	0.00240325927734375	0.0035873724489795924	0.9964100942856238	460139
60	0.00240325927734375	0.00468554768846314	0.5438975860571336	457168
61	0.00240325927734375	0.003138950892857143	0.6346335424485795	367835
62	0.00240325927734375	0.00274658203125	0.6997073808099048	624610
63	0.00240325927734375	0.00274658203125	0.7382924252352308	901479
64	0.00240325927734375	0.004099854227405248	0.8165361555565264	476507
65	0.00240325927734375	0.0035873724489795924	0.5172833296446856	517203
66	0.00240325927734375	0.00274658203125	0.5126095839448059	531316
67	0.00240325927734375	0.004099854227405248	0.7173072058648102	541751
68	0.00240325927734375	0.003138950892857143	0.45541408671804184	487336
69	0.00240325927734375	0.005354911643957874	1.1159915807692868	616410
70	0.00240325927734375	0.00274658203125	0.5316671508538642	387442
71	0.00240325927734375	0.0035873724489795924	0.5957011110120926	554845
72	0.00240325927734375	0.0035873724489795924	0.711994084723933	691081
73	0.00240325927734375	0.003138950892857143	0.7630068283960101	550127
74	0.00240325927734375	0.004099854227405248	0.9277766386059716	570433
75	0.00240325927734375	0.0035873724489795924	0.9497455031252743	653856
76	0.00240325927734375	0.006119899021666142	1.178329460921242	451712
77	0.00240325927734375	0.004099854227405248	0.7608580585615496	450261
78	0.00240325927734375	0.004099854227405248	0.6148195910440275	675109
79	0.00240325927734375	0.0035873724489795924	0.9942845169947756	381760
80	0.00240325927734375	0.005354911643957874	0.7561241212438912	441900
81	0.00240325927734375	0.0035873724489795924	0.7187796795659129	878976
82	0.00240325927734375	0.004099854227405248	1.0373600018525024	484924
83	0.00240325927734375	0.00468554768846314	1.1296654256597904	501943
84	0.00240325927734375	0.0035873724489795924	0.5438455811244645	529717
85	0.00240325927734375	0.003138950892857143	0.7374323685676903	536349
86	0.00240325927734375	0.0035873724489795924	0.8406097948519375	511756
87	0.00240325927734375	0.0035873724489795924	0.5641026275798399	853915
88	0.00240325927734375	0.004099854227405248	0.597469793671439	413863
89	0.00240325927734375	0.003138950892857143	0.5521229218175507	436308
90	0.00240325927734375	0.004099854227405248	0.9509299115105566	701266
91	0.00240325927734375	0.003138950892857143	0.9558238453374158	506271
92	0.00240325927734375	0.003138950892857143	0.6963537400914321	567484
93	0.00240325927734375	0.005354911643957874	0.5757774426010136	549293
94	0.00240325927734375	0.00274658203125	0.3850903346964476	481509
95	0.00240325927734375	0.004099854227405248	0.9951912824567868	616350
96	0.00240325927734375	0.0035873724489795924	0.5408150808620928	774924
97	0.00240325927734375	0.00274658203125	0.4917483647455395	429649
98	0.00240325927734375	0.00468554768846314	1.0691380469364535	466667
99	0.00240325927734375	0.00274658203125	0.7633086247346079	963250
100	0.00240325927734375	0.003138950892857143	0.7115802122581779	422916
101	0.00240325927734375	0.00468554768846314	0.8011054648787022	487276
5	0.00240325927734375	0.00274658203125	0.4648618210715908	267454
6	0.00240325927734375	0.003138950892857143	0.7499937488660495	318513
7	0.00240325927734375	0.004099854227405248	0.6095368177910734	317855
8	0.00240325927734375	0.003138950892857143	0.44310970425036134	338524
9	0.00240325927734375	0.00468554768846314	0.8530762992338853	863728
10	0.00240325927734375	0.0035873724489795924	0.5700139698686549	305011
11	0.00240325927734375	0.00274658203125	0.5886991353005039	273913
12	0.00240325927734375	0.00274658203125	0.36339977689689984	1424697
13	0.00240325927734375	0.004099854227405248	0.980083499464815	557854
14	0.00240325927734375	0.004099854227405248	1.0022064712440368	493888
15	0.00240325927734375	0.00468554768846314	1.0745510031217835	2786110
16	0.00240325927734375	0.00274658203125	0.5051155787649115	711200
17	0.00240325927734375	0.005354911643957874	0.6648552371156095	502365
18	0.00240325927734375	0.003138950892857143	0.6293627474550665	3289739
19	0.00240325927734375	0.00468554768846314	0.8235301377359273	3101433
20	0.00240325927734375	0.004099854227405248	0.67938808259247	1340592
21	0.00240325927734375	0.004099854227405248	0.6346335424485795	4829511
22	0.00240325927734375	0.003138950892857143	0.5499847848759808	662168
23	0.00240325927734375	0.0035873724489795924	0.3441138700103165	397111
24	0.00240325927734375	0.00274658203125	0.5035931623022096	4905012
25	0.00240325927734375	0.00274658203125	0.4411100299132249	531722
26	0.00240325927734375	0.004099854227405248	1.0250302269677865	386170
27	0.00240325927734375	0.004099854227405248	0.8037262531341928	4858234
