0	0.00240325927734375	0.006119899021666142	1.0546646134267752	248319
1	0.00240325927734375	0.004099854227405248	0.5277457326021664	245686
2	0.00240325927734375	0.003138950892857143	0.9101824359749338	251766
3	0.00240325927734375	0.003138950892857143	0.6750602575000808	479550
4	0.00240325927734375	0.0035873724489795924	0.609014861572681	251966
5	0.00240325927734375	0.0035873724489795924	0.8736073767174379	254482
6	0.00240325927734375	0.004099854227405248	0.6162559286645557	255828
7	0.00240325927734375	0.004099854227405248	1.1186801853694726	252576
8	0.00240325927734375	0.0035873724489795924	0.8421078891404415	253082
9	0.00240325927734375	0.00274658203125	0.8371220715258532	256217
10	0.00240325927734375	0.003138950892857143	0.4798413711438436	252670
11	0.00240325927734375	0.005354911643957874	1.054111193716324	252675
12	0.00240325927734375	0.004099854227405248	0.6796361463493921	255367
13	0.00240325927734375	0.0035873724489795924	0.6781585653026645	252086
14	0.00240325927734375	0.003138950892857143	0.5293184125067912	254110
15	0.00240325927734375	0.00468554768846314	0.4358605586643549	257838
16	0.00240325927734375	0.003138950892857143	0.6280179697604316	252493
17	0.00240325927734375	0.004099854227405248	1.098784531682556	254534
18	0.00240325927734375	0.0035873724489795924	0.9379488734361071	257127
19	0.00240325927734375	0.004099854227405248	0.5895170305537488	253689
20	0.00240325927734375	0.006119899021666142	0.5592582483653494	254138
21	0.00240325927734375	0.003138950892857143	0.6705883535104707	257203
22	0.00240325927734375	0.005354911643957874	0.5882051637578561	252739
23	0.00240325927734375	0.004099854227405248	0.6074979806890326	252360
24	0.00240325927734375	0.00274658203125	0.7161452938815767	257814
25	0.00240325927734375	0.003138950892857143	0.5988624626688432	254255
26	0.00240325927734375	0.00274658203125	0.9509299115105566	256350
27	0.00240325927734375	0.00468554768846314	0.5105102843732272	256024
28	0.00240325927734375	0.004099854227405248	0.5615350858854704	252768
29	0.00240325927734375	0.00274658203125	0.38288381031244606	252028
30	0.00240325927734375	0.00468554768846314	0.8586827731399579	255345
31	0.00240325927734375	0.005354911643957874	1.0552611715339792	252559
32	0.00240325927734375	0.004099854227405248	0.5316671508538642	252068
33	0.00240325927734375	0.003138950892857143	0.6212035864446026	253567
34	0.00240325927734375	0.003138950892857143	0.8111024165790848	251493
35	0.00240325927734375	0.003138950892857143	0.5944252297426385	253070
36	0.00240325927734375	0.0035873724489795924	0.9402585136519359	253091
37	0.00240325927734375	0.003138950892857143	0.8758893809481004	255144
38	0.00240325927734375	0.00274658203125	0.7235183581094553	251279
39	0.00240325927734375	0.00274658203125	0.7374771878521318	252608
40	0.00240325927734375	0.0035873724489795924	0.6939963973297963	254191
41	0.00240325927734375	0.0035873724489795924	0.63369547406758	252292
42	0.00240325927734375	0.004099854227405248	0.8065659498782048	255261
43	0.00240325927734375	0.00274658203125	0.3949968548992396	252127
44	0.00240325927734375	0.0035873724489795924	0.7327277385604152	251457
45	0.00240325927734375	0.004099854227405248	0.9688769925497349	254846
46	0.00240325927734375	0.003138950892857143	0.7374323685676903	253798
47	0.00240325927734375	0.005354911643957874	0.5592582483653494	251490
48	0.00240325927734375	0.0035873724489795924	0.776046008493364	253934
49	0.00240325927734375	0.004099854227405248	0.6084305264741027	251802
50	0.00240325927734375	0.003138950892857143	0.6030838907072111	251108
51	0.00240325927734375	0.00468554768846314	0.9217306513724774	253183
52	0.00240325927734375	0.003138950892857143	0.4321472194956394	250670
53	0.00240325927734375	0.00468554768846314	0.749090449821767	252089
54	0.00240325927734375	0.004099854227405248	0.7690028853645818	256098
55	0.00240325927734375	0.0035873724489795924	0.9746146528787748	252698
56	0.00240325927734375	0.0035873724489795924	0.37724082830877137	251274
57	0.00240325927734375	0.004099854227405248	0.3966839071762177	255714
58	0.00240325927734375	0.0035873724489795924	0.6675870071452594	252076
59	0.00240325927734375	0.00468554768846314	0.7205621479966758	254158
60	0.00240325927734375	0.003138950892857143	0.37199129458584634	254987
61	0.00240325927734375	0.00468554768846314	0.8619877751123562	251975
62	0.00240325927734375	0.00468554768846314	1.005066631684122	252419
63	0.00240325927734375	0.006119899021666142	0.8162273998033012	253454
64	0.00240325927734375	0.0035873724489795924	0.6577499012547644	250553
65	0.00240325927734375	0.005354911643957874	1.0268235428447625	254260
66	0.00240325927734375	0.005354911643957874	0.84278319970765	253127
67	0.00240325927734375	0.0047831632653061226	0.7410592884839474	251453
68	0.00240325927734375	0.004099854227405248	1.0594394697873117	255856
69	0.00240325927734375	0.004099854227405248	1.0581487097508488	255369
70	0.00240325927734375	0.00274658203125	0.6251818169507557	252456
71	0.00240325927734375	0.0035873724489795924	1.1383799251842484	252303
72	0.00240325927734375	0.00468554768846314	0.9961641821334134	254836
73	0.00240325927734375	0.0035873724489795924	0.7682562996448801	251867
74	0.00240325927734375	0.005354911643957874	0.9172138528765781	252796
75	0.00240325927734375	0.004099854227405248	0.5270362078376615	260315
76	0.00240325927734375	0.00468554768846314	0.6084305264741027	255247
77	0.00240325927734375	0.0035873724489795924	0.4358605586643549	263914
78	0.00240325927734375	0.003138950892857143	0.9042009988202175	287352
79	0.00240325927734375	0.00468554768846314	0.6128421852987456	254019
80	0.00240325927734375	0.0047831632653061226	1.1686484324188529	262937
81	0.00240325927734375	0.00468554768846314	0.7684305123351599	258868
82	0.00240325927734375	0.005354911643957874	0.9898030638998592	253847
83	0.00240325927734375	0.004099854227405248	1.1066820764914898	263065
84	0.00240325927734375	0.005354911643957874	1.1824561394636695	258037
85	0.00240325927734375	0.004099854227405248	0.5954285011384068	257278
86	0.00240325927734375	0.004099854227405248	0.7892524417489257	258471
87	0.00240325927734375	0.003138950892857143	0.3850903346964476	257272
88	0.00240325927734375	0.00274658203125	0.7161452938815767	252038
89	0.00240325927734375	0.004099854227405248	0.7194973450158514	258115
90	0.00240325927734375	0.004099854227405248	0.8466400743069542	263063
91	0.00240325927734375	0.003138950892857143	0.6106733468314501	257173
92	0.00240325927734375	0.00468554768846314	0.9950779848369907	257655
93	0.00240325927734375	0.00468554768846314	1.0110107160237938	284477
94	0.00240325927734375	0.00468554768846314	0.626593298130014	253995
95	0.00240325927734375	0.005354911643957874	1.160009152574696	259806
96	0.00240325927734375	0.0035873724489795924	0.5242764158818288	271799
97	0.00240325927734375	0.004099854227405248	0.8624304720666799	254167
98	0.00240325927734375	0.00274658203125	0.46765791709578064	259382
99	0.00240325927734375	0.00468554768846314	0.6908642302209882	265977
100	0.00240325927734375	0.0035873724489795924	1.048298273728143	250599
101	0.00240325927734375	0.0035873724489795924	0.5053724480380157	265665
102	0.00240325927734375	0.004099854227405248	0.9987175896463175	257124
103	0.00240325927734375	0.00468554768846314	0.8788169922356253	266178
104	0.00240325927734375	0.006119899021666142	1.03887076595295	291725
105	0.00240325927734375	0.006247396917950854	0.9912649116752683	262788
106	0.00240325927734375	0.0035873724489795924	0.4146291755846023	284588
107	0.00240325927734375	0.0035873724489795924	0.6926809265985516	262132
108	0.00240325927734375	0.004099854227405248	0.7479372012682312	288428
109	0.00240325927734375	0.004099854227405248	0.5363619951580719	265760
110	0.00240325927734375	0.00468554768846314	0.8692826104380562	268610
111	0.00240325927734375	0.00468554768846314	0.7332331341776858	261745
112	0.00240325927734375	0.00240325927734375	0.806650556114902	282910
113	0.00240325927734375	0.004099854227405248	0.9597597108966093	292618
114	0.00240325927734375	0.003138950892857143	0.9425513864963102	288368
115	0.00240325927734375	0.004099854227405248	0.8091138562248298	326437
116	0.00240325927734375	0.004099854227405248	0.7208623245648208	298420
117	0.00240325927734375	0.004099854227405248	0.6283007684592643	285237
118	0.00240325927734375	0.00274658203125	0.886622392878744	329445
119	0.00240325927734375	0.004099854227405248	0.8863684510198491	270054
120	0.00240325927734375	0.00274658203125	0.8103584664321682	270986
121	0.00240325927734375	0.00240325927734375	0.3193425374706503	287755
122	0.00240325927734375	0.003138950892857143	0.9554109172508245	292144
123	0.00240325927734375	0.00274658203125	0.6054858133992109	290669
124	0.00240325927734375	0.003138950892857143	0.9592473134738307	327643
