0.00240325927734375	0.009784454889827621	0.009977326251309806	0.008194163041923809	0.05
0.004800742899533361	0.018299680600381167	0.01862059300675403	0.016848342576148628	0.05
0.0071924647469656655	0.026779510822096213	0.027228560508392115	0.02546715607146312	0.1
0.00957843866667929	0.034790505283000726	0.03523961046706416	0.03359433902888629	0.1
0.011958678472434925	0.04399813527673096	0.04459631979501905	0.04215324582985974	0.1
0.01433319794479504	0.05149619362221706	0.05212549231330939	0.049749301210827636	0.1
0.01670201083120393	0.059490268084784616	0.060142912376636895	0.05782015717554188	0.1
0.019065130846067313	0.06877752149534518	0.06958849730142365	0.06734008582434507	0.1
0.021422571670831503	0.07560695171585623	0.07647246141533232	0.07418928503091594	0.1
0.023774346954062775	0.0840222612012514	0.0850003587929726	0.08275843456556228	0.1
0.026120470311526423	0.09215287583860517	0.09313319358217613	0.09086908306144548	0.15
0.02846095532626547	0.10034408409658073	0.10128164298815251	0.09920684671373976	0.15
0.030795815548679273	0.1083208812436867	0.10938275467412219	0.1072503195772312	0.15
0.03312506449660224	0.11604604378303778	0.11694970655031757	0.1146326242798894	0.15
0.03544871565538188	0.12308111748304451	0.12401642013038859	0.12151189536158613	0.15
0.03776678247795695	0.12991820567196982	0.1308982028809739	0.1284359782513178	0.15
0.04007927838493508	0.13835644896831298	0.13937551538607837	0.13694923048445937	0.15
0.042386216764671025	0.1457909075828681	0.14675064198614243	0.14450605308611983	0.15
0.04468761097334362	0.15212534537917857	0.15313745706309767	0.15062344707346687	0.15
0.04698347433503336	0.1596845985703157	0.16067447215800645	0.15817472548617517	0.15
0.049273820141799596	0.1662557870631341	0.1673147892028301	0.16452672297177132	0.15
0.05155866165375744	0.17327852307796343	0.17443211294843544	0.1716181148561072	0.15
0.0538380120991544	0.18002723225834139	0.18126267055016596	0.17846589384200992	0.15
0.056111884674447055	0.18676948425355516	0.1878505988523605	0.18514722321578422	0.15
0.05838029254437771	0.19373315007409794	0.1948152363683076	0.192183382091296	0.2
0.06064324884205021	0.20073275079737277	0.20191691635995074	0.1991426998434079	0.2
0.06290076666900601	0.2095648013851843	0.21094912080206107	0.2073602179623993	0.25
0.06515285909530047	0.21619524801495144	0.2176654672752607	0.21401146163038365	0.25
0.06739953915957794	0.22302975224694954	0.22441103961137426	0.22096657769333747	0.25
0.06964081986914775	0.22947917961861916	0.23080938272406695	0.22751781295402254	0.3
0.07187671420005914	0.23557211227654565	0.23692394971873784	0.23342094531619942	0.3
0.07410723509717662	0.24284037259266195	0.24413806001708804	0.24083868839025507	0.3
0.07633239547425488	0.2505080696636508	0.2519574972988131	0.24840930266467268	0.3
0.07855220821401325	0.25633727186471916	0.25775009649597014	0.25431673791152154	0.3
0.08076668616821081	0.2623827753173179	0.26375931754094273	0.2603712245099411	0.3
0.08297584215772047	0.26841845516813073	0.2698390356441786	0.26628769939226893	0.3
0.0851796889726033	0.27412094434086154	0.2755973196390147	0.27196712385026184	0.3
0.08737823937218232	0.2805561801820944	0.28203939994646937	0.27838339670132306	0.3
0.08957150608511699	0.2862936508658457	0.2878380327989675	0.284125524401625	0.3
0.09175950180947597	0.2931535848852223	0.2948196797374706	0.29088510423130187	0.3
0.0939422392128116	0.2984615071500235	0.3001294495514684	0.29625859850445196	0.3
0.0961197309322328	0.30384939247941034	0.3055253724495178	0.3017175728119527	0.3
0.09829198957447798	0.3104565654708189	0.31218868721076665	0.3083400056640179	0.3
0.10045902771598825	0.31588963648104945	0.317670159047007	0.3138150208788404	0.3
0.10262085790298059	0.3220878164100621	0.32392476901924816	0.3200971560834359	0.3
0.10477749265151999	0.32781863402331435	0.32951969792737346	0.32567124291057287	0.3
0.10692894444759211	0.3334412518893447	0.33521132312681867	0.33135252563834383	0.3
0.10907522574717565	0.3387508575910185	0.3404934087438188	0.33655682260260894	0.35
0.11121634897631423	0.34371441838067185	0.34545728159791345	0.34154880221799033	0.35
0.11335232653118825	0.34879689298672256	0.3505481898853382	0.34662909010444065	0.35
0.11548317077818741	0.3555306295355965	0.35741586337358094	0.35320761408049034	0.35
0.11760889405398145	0.36151018420046604	0.3631214340251797	0.35890004548028537	0.35
0.11972950866559184	0.366781624947641	0.3684548007991878	0.3641907498156943	0.35
0.12184502689046317	0.3724323118386801	0.3741886929901833	0.3699507375681322	0.35
0.12395546097653427	0.3773295738366733	0.37909533582509425	0.3748876389054913	0.35
0.12606082314230876	0.3827760402787065	0.3844832233467803	0.3804351437590437	0.35
0.12816112557692616	0.3880372046020455	0.3896890009230768	0.3857221113008528	0.35
0.13025638044023236	0.3931108730307699	0.39474765234983744	0.3907577794521012	0.35
0.13234659986284997	0.3983061035216907	0.3998247322073777	0.3959799754931043	0.35
0.13443179594624827	0.40444477532244455	0.4060833925703635	0.4021484377728071	0.35
0.13651198076281418	0.4090918810824268	0.4107732263647338	0.40674976228944965	0.35
0.13858716635592122	0.4144790772490026	0.41620990117729323	0.41218094233903324	0.35
0.14065736473999918	0.41960952962764486	0.4213392593761715	0.4172488382849653	0.35
0.14272258790060482	0.4239560928347309	0.42564572945426143	0.42165167142865145	0.35
0.14478284779448997	0.42856356412637	0.43018464250999094	0.426330200322796	0.35
0.1468381563496715	0.4333718445451941	0.43505200983669473	0.43119275783220123	0.35
0.14888852546549985	0.4377253626064568	0.43940973486227514	0.4356062333139514	0.35
0.1509339670127286	0.44298096357005373	0.4447505295830306	0.4409703050801113	0.4
0.15297449283358272	0.44737962599041003	0.44919045518356265	0.4454333652728806	0.4
0.15501011474182708	0.4523775728495071	0.45419409151053725	0.4505282738917146	0.4
0.1570408445228355	0.45772595584851006	0.4596052112741684	0.4558435975660052	0.4
0.15906669393365785	0.46234760700021627	0.4642839399281931	0.460200714831677	0.4
0.16108767470308916	0.46673249892691154	0.4687145876704115	0.4646563514991689	0.4
0.16310379853173704	0.47132741144857226	0.47325931826341344	0.469276603703102	0.4
0.16511507709208928	0.476131361073789	0.47813399885441266	0.4740757594761268	0.4
0.16712152202858205	0.48060545523637127	0.48255615988445516	0.4786657738197286	0.45
0.16912314495766698	0.4848752932074337	0.486794569379968	0.48290647714558144	0.45
0.1711199574678775	0.48936410194047725	0.49122944108831434	0.4874520208361214	0.45
0.1731119711198979	0.49538748431377827	0.49722768986355065	0.49357408374997963	0.45
0.1750991974466284	0.4998650925315135	0.5017671641342298	0.49813591772113885	0.45
0.17708164795325315	0.5036063247014366	0.5054701932107397	0.5019588218226405	0.45
0.17905933411730596	0.507907604019589	0.5097980114091931	0.506097936960711	0.45
0.1810322673887374	0.5120220292864591	0.5138049036579574	0.5102814829700938	0.45
0.18300045918998054	0.5162747247159761	0.5180853216906233	0.5146114787633072	0.45
0.18496392091601782	0.5211063563863816	0.5229765464483331	0.5193677235517912	0.45
0.18692266393444618	0.5249668577184253	0.5267244872368335	0.5231121398341742	0.45
0.18887669958554376	0.5299617716195766	0.5316702286745155	0.5281000077721787	0.5
0.1908260391823346	0.5345273660755152	0.5361162902125072	0.5327153336554415	0.5
0.1927706940106546	0.5387308462679145	0.5403780273385095	0.5368754837318704	0.5
0.1947106753292172	0.5436503036571099	0.5453404559745534	0.5419166397917267	0.5
0.19664599436967828	0.5477760036663686	0.5493834898401385	0.5458350106456826	0.5
0.19857666233670063	0.5510572330438023	0.5526819165215993	0.549155153661494	0.5
0.20050269040801977	0.5545222023084291	0.5561747052486816	0.5525068912628613	0.5
0.20242408973450798	0.5583693388447288	0.5600707211284872	0.5564034946479568	0.5
0.20434087144023932	0.5615617332778428	0.5632233470559997	0.5596336913954666	0.5
0.20625304662255392	0.5651647138786464	0.5668645683630696	0.563250145483269	0.5
0.20816062635212157	0.5689068701510002	0.5706532168676395	0.5670609138908848	0.5
0.2100636216730068	0.5725678492655268	0.5743324127962193	0.5706715072439653	0.5
0.2119620436027326	0.5765610985349597	0.5781507379605199	0.5747033316344973	0.5
0.21385590313234326	0.5807564834393563	0.5823964615020825	0.578535855097236	0.5
0.21574521122646942	0.584300870966924	0.5859581417905158	0.5820353628656681	0.5
0.2176299788233908	0.5881848336412292	0.5898784780551024	0.5858568957379343	0.5
0.219510216835099	0.5910878782800177	0.5927674688442024	0.5887943333008344	0.5
0.22138593614736207	0.5945602494430458	0.596280606886231	0.5923317865311878	0.5
0.22325714761978635	0.5978997122400682	0.59963119025705	0.5956878229284868	0.5
0.22512386208587953	0.6016177648989507	0.6032779368827372	0.5994437009806741	0.5
0.22698609035311393	0.6049523835181239	0.6066495827627126	0.6027972792195575	0.5
0.22884384320298862	0.6083621290053624	0.6100139904140442	0.606175182552103	0.5
0.23069713139109185	0.6116583882790758	0.6133247719610024	0.6095321665093899	0.55
0.23254596564716318	0.6149088829430545	0.6166110623785027	0.612740179368452	0.55
0.23439035667515648	0.6181298528280317	0.6198671019990311	0.6160199084021267	0.55
0.23623031515330079	0.6217730764172726	0.6235201860019014	0.6196101393173467	0.55
0.2380658517341626	0.6256746839389019	0.6272146881492899	0.6235904063679752	0.55
0.23989697704470733	0.6287840147102957	0.6303576730733622	0.6266872889526263	0.55
0.2417237016863618	0.6317329347622878	0.6333326001638565	0.6296461345428144	0.55
0.24354603623507393	0.6360348241178378	0.6377110947229232	0.6340685913314748	0.55
0.24536399124137548	0.6390952939589856	0.6407839015243434	0.6371849385143779	0.55
0.24717757723044223	0.6423404176502807	0.6440521427885347	0.6404963019846095	0.55
0.2489868047021556	0.6453989645272827	0.647032179943104	0.6434848036133177	0.55
0.25079168413116276	0.6491955580406029	0.6504873560927416	0.6473915281470732	0.55
0.25259222596693753	0.6523942106591138	0.6536898008337901	0.6506565772914893	0.55
0.25438844063384136	0.6551388858427337	0.6563504704285414	0.6534274911199358	0.55
0.2561803385311828	0.657913353496423	0.6590451648000556	0.6562473772027541	0.55
0.25796793003327856	0.6605793317889062	0.6617148263003784	0.6588903523508036	0.55
0.25975122548951257	0.6637542541558994	0.6649405733530783	0.6620976381502572	0.55
0.2615302352243972	0.6664531582295551	0.6675613096892633	0.6648240623228616	0.55
0.2633049695376321	0.6690303911168266	0.6701187241187044	0.6673202587602017	0.55
0.2650754387041637	0.6721588299837032	0.6731959834225403	0.6704563245250988	0.55
0.2668416529742457	0.6755134635025158	0.676513859377372	0.6737759218801662	0.55
0.2686036225734974	0.6780494266165551	0.6790726548158219	0.6763514732196269	0.55
0.27036135770296343	0.680830605739936	0.6818505408571943	0.6791857212318304	0.55
0.27211486853917227	0.6838998556230474	0.6849118649764698	0.6822103404509979	0.55
0.2738641652341959	0.6868428278281382	0.6878541460875084	0.6850775371872632	0.55
0.2756092579157086	0.6893252856495309	0.6903602025090535	0.6875190277588105	0.55
0.27735015668704477	0.6920059331974266	0.692979182045625	0.690199410777143	0.55
0.27908687162725754	0.6945226078692819	0.695523152221425	0.6927085644438922	0.55
0.2808194127911783	0.6975149737002818	0.6985307510839206	0.6957711307236741	0.55
0.2825477902094734	0.6999274558084416	0.7009665590682029	0.6981688804025356	0.55
0.2842720138887032	0.7026530178317216	0.7036065595466097	0.700952002011493	0.55
0.2859920938113799	0.7056604694462715	0.7066537518904784	0.7040181475834343	0.55
0.28770803993602445	0.7081193510107833	0.7091243484822985	0.7065075620795114	0.55
0.2894198621972254	0.7103348645909996	0.7112928648395013	0.7087415057550428	0.55
0.29112757050569626	0.7129849116007073	0.7139204201573083	0.7114474789931376	0.55
0.2928311747483316	0.7157400741663018	0.7167224185158915	0.714264611501932	0.55
0.294530684788266	0.7190900951279512	0.7200628275880125	0.7169818141924769	0.55
0.2962261104649298	0.721303298920945	0.7222960817008383	0.719220994029591	0.55
0.2979174615941072	0.7235029621157774	0.7244810624136534	0.7214465668245535	0.55
0.29960474796799225	0.7257163646202212	0.7267000733039104	0.7236999894475177	0.55
0.3012879793552458	0.728030413458149	0.7290258194195223	0.7260323767215774	0.55
0.3029671655010518	0.7302909910284318	0.7313116815828719	0.7283459801528095	0.55
0.3046423161271746	0.7325729008564152	0.7335411760374947	0.7305589441998626	0.55
0.3063134409320142	0.7348658583338912	0.7358474074860725	0.7328130445780822	0.55
0.30798054959066323	0.7373651111001039	0.7383330494569731	0.7353710002830866	0.55
0.30964365175496156	0.7392394745190953	0.7401828580241571	0.7372454823127769	0.55
0.3113027570535546	0.7416878221785487	0.742613450959493	0.739750902454481	0.55
0.31295787509194667	0.7438648780688216	0.7448014104625738	0.7419454268804797	0.55
0.31460901545255815	0.746270749507824	0.7472456741208896	0.7444071688699255	0.55
0.31625618769477953	0.7482556140353334	0.7492473125837741	0.7463141096270598	0.55
0.3178994013550283	0.7503564195087022	0.7513715308175344	0.7484312880568154	0.55
0.3195386659468034	0.7526921283936014	0.75345272515903	0.7508213004139558	0.55
0.3211739909607407	0.755200040705569	0.7559549222299231	0.7533929995363754	0.55
0.32280538586466634	0.7571698960205928	0.7579449842874886	0.7553874417779933	0.55
0.3244328601036545	0.758861217147701	0.7596124058640846	0.7571004726825158	0.55
0.32605642310007893	0.761081963367482	0.7618156624157573	0.7593265618085936	0.6
0.32767608425367	0.7635070529563384	0.764286942647379	0.7618020396500835	0.6
0.3292918529415675	0.7656709191623107	0.7663847389034519	0.7640140536943063	0.65
0.33090373851837557	0.7674887980855724	0.7681546697089982	0.7658208924809597	0.65
0.3325117503162174	0.7701641779855077	0.770849551935533	0.7685490391498117	0.65
0.3341158976447878	0.7724393525631745	0.7731380002723721	0.7708798141380261	0.65
0.3357161897914088	0.7747716521124135	0.7754874670576201	0.7732604877307901	0.65
0.3373126360210818	0.7765009887353356	0.7772308946430979	0.7750175442048715	0.65
0.3389052455765426	0.7781524459567519	0.7788928146951705	0.7766930097381256	0.65
0.34049402767831416	0.7799943888214501	0.7807557138535165	0.7785693714806762	0.65
0.34207899152475985	0.7819200634824452	0.7826799445794252	0.7804779808174277	0.65
0.3436601462921373	0.7838869570121457	0.7846076442731962	0.7824767405671803	0.65
0.3452375011346511	0.7859177223490897	0.7866712714630125	0.7844562271118884	0.65
0.3468110651845062	0.7876635136668874	0.7884353789992856	0.7862122196088254	0.65
0.3483808475519598	0.7895554634522016	0.7903537877798829	0.7881065430948566	0.65
0.3499468573253753	0.7912838528675825	0.7921004752205733	0.7898457078887239	0.65
0.3515091035712745	0.7929727897203548	0.793806078380066	0.7915553723035724	0.65
0.35306759533438997	0.7947281790825487	0.7955820735598351	0.7933451415772572	0.65
0.354622341637717	0.7967248208467639	0.7972952125818408	0.7953644725850161	0.65
0.35617335148256657	0.7990201721874044	0.7996175019554608	0.7975138220230138	0.65
0.35772063384861696	0.8009383081278951	0.8015682012290825	0.7994773956053959	0.65
0.3592641976939668	0.8025815362692164	0.803218613645364	0.8011427361275167	0.65
0.36080405195518506	0.8044348316339447	0.8051019635451799	0.8029920807762467	0.65
0.3623402055473645	0.8061270590992482	0.8067341394845403	0.8047192108038891	0.65
0.3638726673641718	0.807724500002531	0.8083494944899006	0.8063468969693107	0.65
0.36540144627790094	0.8093819851096177	0.8100174993514879	0.8079896687454579	0.65
0.36692655113952255	0.8110047568798018	0.8116190441804535	0.8096258777882867	0.7
0.36844799077873625	0.8128320950759071	0.8134545830160335	0.8114969549216496	0.7
0.36996577400402236	0.8145206105328289	0.8151665360313252	0.8131750299663805	0.7
0.3714799096026915	0.8161042517860441	0.8166352792312622	0.8147905126746339	0.7
0.37299040634093567	0.8176146047284192	0.8181522280141603	0.816329165016806	0.7
0.3744972729638804	0.8190222637953879	0.8195719378737971	0.8177600318378966	0.7
0.3760005181956335	0.8203974944868111	0.8209578922585594	0.8191388141702997	0.7
0.37750015073933774	0.8217718947169164	0.8223433498073279	0.8205172956683526	0.7
0.3789961792772185	0.8231428155771756	0.8237255198860914	0.8219106410140546	0.7
0.3804886124706365	0.8247368717034451	0.8253328532914365	0.8235309324407387	0.7
0.3819774589601365	0.8262697473094349	0.8268482438943955	0.8250954136921159	0.7
0.38346272736549813	0.8278673868412036	0.8284591425386614	0.8267283678127404	0.7
0.3849444262857852	0.8292565473560698	0.8298623513738865	0.8281008394063702	0.7
0.38642256429939587	0.830674185874815	0.8312958985295296	0.8295451668373799	0.7
0.38789714996411195	0.832038691488458	0.8326738755734225	0.830933858182443	0.7
0.3893681918171491	0.8332717014727911	0.8339137932288058	0.8321844245685549	0.7
0.39083569837520576	0.8348841062750327	0.8355534287286119	0.833777095547394	0.7
0.3922996781345124	0.8362032038143103	0.8368751257796891	0.8351192102459517	0.7
0.3937601395708804	0.8378230552753088	0.8384384142294712	0.8367781920385635	0.75
0.39521709113975223	0.8391982273133053	0.839829960622945	0.8381383856871366	0.75
0.3966705412762493	0.8406812097489457	0.8412821036353408	0.8396154809459265	0.75
0.39812049839522223	0.8419657172580484	0.8425792228187738	0.8409066239286146	0.75
0.399566970891297	0.8436692293649202	0.8442831196611086	0.8426010394585957	0.75
0.40100996713892584	0.8449394170027118	0.8455660482000419	0.8438869593387129	0.75
0.40244949549243564	0.8461685819839193	0.8467651573311122	0.8451373131424972	0.75
0.40388556428607486	0.847518569390397	0.8481253120602086	0.8465068574624857	0.75
0.40531818183406293	0.848593339789058	0.849203821857138	0.8476053320426814	0.75
0.4067473564306381	0.8502392967629533	0.8508751532850349	0.849268139766957	0.75
0.40817309635010474	0.8514747183967197	0.8521234678175434	0.8504879890114537	0.75
0.40959540984688314	0.8529993822770994	0.8536437537300242	0.8520441301743054	0.75
0.4110143051555549	0.854240127482289	0.8548899602048734	0.8532936877752569	0.75
0.4124297904909124	0.855910702263851	0.8565975338168627	0.8550110304133265	0.75
0.4138418740480061	0.8572494331449612	0.8579445485354541	0.856372498017574	0.75
0.4152505640021908	0.8586131074764675	0.8593116211633823	0.8577673314865123	0.8
0.4166558685091741	0.8599181637815491	0.8606114369462301	0.8590861341958159	0.8
0.41805779570506346	0.8610443889902225	0.8617297484829483	0.860224934597756	0.8
0.419456353706413	0.8623337325827304	0.8630380003384955	0.8615357719928243	0.8
0.420851550610271	0.8635615458323738	0.8642642140904921	0.8627887481330355	0.8
0.42224339449422593	0.8646311674698829	0.8653418845258122	0.8638506106000794	0.8
0.4236318934164543	0.8659028072192605	0.8666325008724488	0.865136333121946	0.8
0.4250170554157665	0.8669990579113053	0.8677387906189741	0.8662517792640236	0.8
0.4263988885116527	0.8681656352423326	0.868902295434188	0.8674351113540886	0.8
0.4277774007043319	0.8693234685355116	0.8700740951936572	0.868620639270683	0.8
0.4291525999747951	0.8704960780770371	0.8712321694099439	0.8698035291778577	0.8
0.43052449428485307	0.8714660672360715	0.8721651396419503	0.8707870955206414	0.8
0.4318930915771829	0.8724677843049392	0.8731738996361533	0.8717908392292634	0.8
0.4332583997753733	0.8737162534855514	0.874442678246375	0.8729900596607275	0.8
0.4346204267839697	0.8747771729468037	0.8755143139395758	0.8740476384545873	0.85
0.4359791804885217	0.8759129630653243	0.876657562741703	0.875207337411678	0.85
0.43733466875562776	0.8768605176364422	0.8776104633029994	0.8761481522844954	0.85
0.43868689943298034	0.8778949911830372	0.8786551300130514	0.8772017681903188	0.85
0.44003588034941277	0.8789321859925463	0.8796631038977959	0.8782457941293683	0.85
0.4413816193149425	0.8798588000309211	0.8805950180156545	0.8791738170748655	0.85
0.44272412412081874	0.8809302098465613	0.881672414258535	0.8802452579827272	0.85
0.4440634025395652	0.8819733420500853	0.8827204044694275	0.8813091313441376	0.85
0.445399462325027	0.8830368757481724	0.883797325298291	0.8823820515564891	0.85
0.44673231121241413	0.884016656283257	0.8847916365005465	0.8833709222463306	0.85
0.44806195691834744	0.8853241292714786	0.886087698005506	0.8846432352695064	0.85
0.4493884071409024	0.8863576010317878	0.8870962727437323	0.8856928685092512	0.85
0.450711669559654	0.8874105018887457	0.8881486140033217	0.8867686490858439	0.85
0.45203175183572136	0.8882782004674107	0.8890211986850801	0.8876496790135507	0.85
0.4533486616118119	0.8892558163156684	0.8900097353390933	0.88864660922946	0.85
0.4546624065122657	0.8901497702975147	0.8909037408256618	0.889555671010866	0.85
0.45597299414309944	0.8912249286935398	0.8919888233660549	0.8906556697652043	0.9
0.45728043209205066	0.8921447549821814	0.8928940013272536	0.89157380354371	0.9
0.4585847279286213	0.8931125242181881	0.8938377688977173	0.8925230435073642	0.9
0.4598858892041225	0.8939850262046353	0.8947173251666956	0.8934106457629728	0.9
0.461183923451717	0.8948228961764876	0.895536199503059	0.8942619818870984	0.9
0.46247883818646346	0.8956770909854195	0.8963971090494574	0.8951256153831523	0.9
0.46377064090536085	0.8965887703203143	0.8973187626657735	0.8960516367513389	0.9
0.4650593390873888	0.8974524683570693	0.8981901422627409	0.8968974174460419	0.9
0.4663449401935555	0.8983149919702159	0.8990469588783241	0.8977757033396934	0.9
0.46762745166693687	0.8992505913654153	0.8999811230505287	0.8986950678845504	0.9
0.4689068809327212	0.9000876495047425	0.900829929991856	0.8995366392166829	0.9
0.4701832353982532	0.9010582833777576	0.9018016638086247	0.9005191459678553	0.9
0.47145652245307457	0.9018599021949498	0.9026090545548786	0.9013085141836913	0.9
0.4727267494689686	0.9026022652650258	0.9033412230542358	0.9020570064325488	0.9
0.47399392380000266	0.9036480096942425	0.9043931507342895	0.9031250826865114	0.9
0.4752580527825695	0.9045010372991706	0.9052554793699127	0.9039951717705395	0.9
0.4765191437354311	0.9053063237406089	0.9060549968445829	0.9047395183793839	0.9
0.47777720395976087	0.9060912653916328	0.9068461685820377	0.9055056765266156	0.95
0.47903224073918504	0.9068167934977271	0.9075750144480481	0.9062427260686443	0.95
0.4802842613398256	0.9076332151758525	0.9083997511465117	0.9070756162374576	0.95
0.4815332730103422	0.9084180026794512	0.909168415238234	0.9078753694590705	0.95
0.4827792829819744	0.9092815915508486	0.9100217741795087	0.9087416534726899	0.95
0.48402229846858214	0.9101540495167898	0.9108672034235278	0.9096341142507698	0.95
0.48526232666668995	0.9109064504432005	0.9116259005927766	0.9103960648971243	0.95
0.4864993747555265	0.9116800694772971	0.9123861731011559	0.9111880238927336	0.95
0.4877334498970674	0.9125120301041223	0.9132083982204068	0.9120340959158915	0.95
0.48896455923607524	0.9133088329037374	0.9139870359900787	0.9128475807433324	0.95
0.49019270990014246	0.9142086427502193	0.9148818171165912	0.9137519732743005	0.95
0.4914179089997324	0.914940381786225	0.9156203155825402	0.9144827820814673	0.95
0.4926401636282195	0.9157838234565953	0.9164566028392301	0.9153419186449278	0.95
0.49385948086193154	0.9165794079546078	0.9172430293711367	0.9161508841290691	0.95
0.4950758677601897	0.9172958647259799	0.9179662633291736	0.9168808019057045	0.95
0.4962893313653497	0.918018466106156	0.9186961545914688	0.9176173360823033	0.95
0.4974998787028431	0.9186583900580881	0.9193281718621125	0.9182276208591366	0.95
0.4987075167812166	0.9193059334943905	0.9199794974065231	0.9188856816645538	0.95
0.499912252592175	0.9200777237232103	0.9207617944759087	0.9196547046278544	0.95
0.5011140931106189	0.9208749661492288	0.9215078445277797	0.9204707530546326	0.95
0.5023130452946865	0.9216507199669459	0.9222950681726987	0.9212560135519187	0.95
0.5035091160857952	0.9223124481349663	0.9229660919496453	0.9219018356420315	0.95
0.5047023124086786	0.9229459629501957	0.9235684263528269	0.9225257988113544	0.95
0.5058926411714294	0.9235959637440787	0.9242117227961195	0.9231746815873757	0.95
0.5070801092655379	0.924243905470532	0.924865388599338	0.9238267381471146	0.95
0.5082647235659329	0.9249775291527875	0.9255766631284339	0.9245771255898676	0.95
0.5094464909310201	0.9256504925345345	0.9262471640439249	0.9252507434221742	0.95
0.5106254182027234	0.9262627380693811	0.9268640334860612	0.9258737108578987	0.95
0.5118015122065244	0.9268396427473604	0.9274438709326415	0.9264596089789624	0.95
0.512974779751499	0.9275564860995752	0.9281711801195575	0.9271794902696013	0.95
0.5141452276303617	0.9281613969877218	0.9287808325054412	0.9277811791781067	0.95
0.5153128626195008	0.9287444780592058	0.9293631836123633	0.9283552897031738	0.95
0.5164776914790198	0.9293974424945166	0.9299910724719808	0.929006745686579	0.95
0.5176397209527756	0.9300059690577698	0.9306008570408245	0.9296218602794769	0.95
0.5187989577684178	0.9306609336776506	0.9312641077546565	0.9302603740735084	0.95
0.5199554086374285	0.9312406359936679	0.9318439576657269	0.9308435244393268	0.95
0.5211090802551588	0.931872306434536	0.9324830342639556	0.9314854374037137	0.95
0.5222599793008715	0.9324716117212638	0.933091410604865	0.9320967087467672	0.95
0.5234081124377751	0.9330492241420494	0.9336696223495788	0.9326820225455642	0.95
0.5245534863130656	0.9337160367062747	0.9343370103348062	0.9332997565492758	0.95
0.5256961075579645	0.9342355011180512	0.9348586646217154	0.9338277587246122	0.95
0.526835982787756	0.934693048325683	0.9353062703298954	0.9342906999647961	0.95
0.5279731186018266	0.935289281720508	0.9359121947350106	0.9348997410301806	0.95
0.5291075215837024	0.9357978711637538	0.9364187873126206	0.9354049480356113	0.95
0.5302391983010877	0.9363088563599149	0.9369233472198167	0.9359080034427096	0.95
0.5313681553059035	0.9367832437205023	0.9373943808774416	0.936389296824406	0.95
0.5324943991343231	0.9374509311292059	0.9380644039406549	0.9370676920996396	0.95
0.5336179363068136	0.9380957088760324	0.9386828468480612	0.937728603849651	0.95
0.534738773328171	0.9386307095023285	0.9392185507089592	0.9382524288586254	0.95
0.5358569166875585	0.939145572308761	0.9397287097763746	0.9387706355882677	0.95
0.5369723728585443	0.939753994247378	0.940345983971844	0.9393790170596359	0.95
0.5380851482991382	0.9403260248174157	0.9408764484209885	0.9399640440889542	0.95
0.5391952494518312	0.9407530665381575	0.9413033765005627	0.9403965559909073	0.95
0.5403026827436299	0.9412229953444914	0.9417718452470796	0.9408743162666438	0.95
0.5414074545860964	0.9417435861694623	0.9422894950938318	0.941399442406444	0.95
0.5425095713753832	0.942250131266599	0.9428005951638516	0.9419099740252399	0.95
0.543609039492271	0.9427142451435391	0.9432532517320341	0.9423715330954326	0.95
0.5447058653022072	0.9432779461772037	0.9438170165238053	0.942938932461879	0.95
0.5458000551553398	0.9437872589770324	0.9443315660337648	0.94345885575763	0.95
0.5468916153865566	0.9442980282963163	0.9448477807235877	0.9439745987838893	0.95
0.5479805523155215	0.9448180101709024	0.9453556580114191	0.9445033255049212	0.95
0.5490668722467087	0.945210725281908	0.9457479778722179	0.9449008615545926	0.95
0.5501505814694436	0.9456793284268098	0.9462203087863679	0.9453451035979485	0.95
0.5512316862579348	0.9461920739125764	0.9467317196515428	0.9458693844249155	0.95
0.5523101928713137	0.9466587017538564	0.947193417274037	0.9463396694469856	0.95
0.5533861075536677	0.9471595543056417	0.9476881508725468	0.9468420089789962	0.95
0.5544594365340797	0.9475937675428178	0.9481249625755448	0.9472814862250235	0.95
0.5555301860266624	0.9480043439394029	0.9485370173514232	0.9476932975495949	0.95
0.5565983622305931	0.9485752297909112	0.9491179421210628	0.9482740253844085	0.95
0.5576639713301519	0.9490978581815108	0.9496238693890177	0.9488094399571242	0.95
0.558727019494756	0.9495212577789293	0.9500499384630412	0.9492404932570312	0.95
0.5597875128789963	0.9499529386651258	0.9504848447232083	0.9496803532401227	0.95
0.5608454576226726	0.9503308669472931	0.9508632886003511	0.9500613118638052	0.95
0.5619008598508284	0.9507615329587831	0.9512566862621096	0.9504979042696208	0.95
0.5629537256737881	0.9511532878701219	0.9516501698570768	0.9508831306934346	0.95
0.5640040611871912	0.9516170902780706	0.9521036010408338	0.951348346112693	0.95
0.5650518724720274	0.9520550421493503	0.9525460414811305	0.9517783586298444	0.95
0.566097165594672	0.9524707853627108	0.9529585562272336	0.9521999416394964	0.95
0.5671399466069225	0.9528880146429322	0.9533686943263758	0.9526254787341688	0.95
0.5681802215460311	0.9532256678971327	0.9537060023252993	0.9529650737916672	0.95
0.569217996434741	0.9537033791565458	0.9541802640436944	0.9534379792748305	0.95
0.5702532772813219	0.9541783246382496	0.9546594042583791	0.9539126010198242	0.95
0.5712860700796034	0.954572820125725	0.9550569593482768	0.9543147264701309	0.95
0.5723163808090115	0.9549529206118372	0.9554331164065438	0.9546899598187671	0.95
0.5733442154346002	0.9553876664645948	0.9558732952082467	0.955132536602336	0.95
0.574369579907089	0.9557865928618826	0.9562392435165051	0.9555350256589729	0.95
0.575392480162897	0.9562555527577951	0.9566887637331077	0.9560159660843865	0.95
0.5764129221241756	0.9566475873162101	0.9570846903977059	0.9564160102026564	0.95
0.5774309116988439	0.9570830565733663	0.9575264402528355	0.9568618523130576	0.95
0.5784464547806218	0.9574363094548788	0.9578615211711935	0.9572067453055154	0.95
0.5794595572490677	0.9577895503870835	0.9582170417161088	0.9575618295934284	0.95
0.5804702249696072	0.9581727869971808	0.9586015344554578	0.9579486277899304	0.95
0.581478463793571	0.9585608745290811	0.9589912684735759	0.9583340824034908	0.95
0.5824842795582269	0.9589191403067424	0.959352408837138	0.95868461632263	0.95
0.5834876780868155	0.9592334387046062	0.959667365553495	0.95899939987741	0.95
0.5844886651885817	0.9595963579550109	0.9600335993212868	0.9593654970284409	0.95
0.5854872466588082	0.9599794056242443	0.9604211175101319	0.9597551704082767	0.95
0.586483428278853	0.9603273147482303	0.9607691447998632	0.960105712805707	0.95
0.5874772158161772	0.960650809408522	0.9610941829697296	0.9604306863610311	0.95
0.5884686150243824	0.9610266406656205	0.9614718424166725	0.9608149709691681	0.95
0.5894576316432436	0.9613531717200715	0.9617977350914996	0.9611336598448869	0.95
0.5904442713987396	0.9617239924610056	0.9621487297458358	0.9614894349579994	0.95
0.5914285400030898	0.962018408798771	0.9624437136309738	0.9617884536606646	0.95
0.5924104431547851	0.96230990185592	0.9627303540427327	0.9620826574635938	0.95
0.5933899865386217	0.9626113070468925	0.9630195860285082	0.9623823689513064	0.95
0.594367175825734	0.9629201760324595	0.9633209601235218	0.9626968523812234	0.95
0.5953420166736259	0.9632458885206457	0.963647019845427	0.9630273681588835	0.95
0.596314514726206	0.9635248189902056	0.9639088545633673	0.9633087278087955	0.95
0.5972846756138193	0.963803343618058	0.9641828481952195	0.9635914854298719	0.95
0.5982525049532791	0.9641412592252052	0.9645157124319376	0.963936823678536	0.95
0.5992180083478994	0.9645045856960506	0.9648843196342467	0.9643072571259512	0.95
0.6001811913875296	0.9648450770901944	0.9652240068164335	0.9646461839754121	0.95
0.6011420596485841	0.9652255172834948	0.9656085540321961	0.965036541143701	0.95
0.6021006186940758	0.9654955944067936	0.9658793007356152	0.9653071613839423	0.95
0.6030568740736489	0.9658364017703706	0.966224583217603	0.9656478036735155	0.95
0.6040108313236091	0.9661597752011325	0.9665394804942821	0.9659767052179519	0.95
0.6049624959669584	0.9664657754602439	0.9668435871151015	0.966285499679474	0.95
0.6059118735134242	0.9667460004668482	0.9671171420223457	0.9665672731756715	0.95
0.6068589694594944	0.9670546806783618	0.9674288156324768	0.966882582395544	0.95
0.607803789288445	0.9673172836092231	0.967690188190796	0.967147854994824	0.95
0.608746338470377	0.9675934406655913	0.9679680705894276	0.9674290564178514	0.95
0.6096866224622424	0.9679090002426026	0.96827193600319	0.9677432509343139	0.95
0.6106246467078815	0.9682170501981033	0.9685762580476953	0.9680548255765715	0.95
0.6115604166380498	0.9684513177814067	0.9688059292673925	0.9682906377964569	0.95
0.612493937670452	0.9687362073737459	0.9690934810333973	0.9685798133469582	0.95
0.6134252152097726	0.9690372429676369	0.9693908976668523	0.9688764334807942	0.95
0.6143542546477067	0.9692869460479209	0.9696372226189313	0.9691302898638369	0.95
0.6152810613629927	0.9695794506977322	0.9699287394673481	0.9694183279939971	0.95
0.6162056407214423	0.969837244267433	0.9701861757054075	0.969680877243627	0.95
0.6171279980759704	0.9700857361679182	0.9704251636791854	0.9699336891935177	0.95
0.6180481387666296	0.9703703945978109	0.9707024850360796	0.9702188365200429	0.95
0.6189660681206371	0.970638492435391	0.9709711878894541	0.9704780587319535	0.95
0.6198817914524091	0.9708782225411114	0.9712120419665016	0.9707115639150614	0.95
0.6207953140635886	0.971148397719503	0.9714808888315254	0.9709862052857833	0.95
0.6217066412430776	0.9714295769373409	0.9717516833297803	0.9712563488774527	0.95
0.6226157782670677	0.9716500085790669	0.971972542846467	0.9714802397909694	0.95
0.6235227303990704	0.9719202558521234	0.9722388748272676	0.9717552692812871	0.95
0.6244275028899475	0.972144978567	0.9724644306533551	0.9719837847244823	0.95
0.6253301009779425	0.9723878723995847	0.9727091812563855	0.9722246681128667	0.95
0.6262305298887086	0.9726315592965857	0.9729318922799157	0.9724682853531902	0.95
0.6271287948353416	0.9728510376549423	0.9731522687499448	0.9726844210897572	0.95
0.628024901018408	0.973074403117234	0.9733599280058659	0.9729048222069732	0.95
0.628918853625976	0.9732865709553034	0.9735600971087625	0.9731203627973034	0.95
0.6298106578336468	0.9735001305357338	0.9737746183205518	0.9733363106025126	0.95
0.630700318804582	0.9737272217873848	0.9739941956470552	0.9735665654726386	0.95
0.6315878416895353	0.9739401963288451	0.974206600342407	0.9737788724124844	0.95
0.6324732316268806	0.9741690636327738	0.9744374890668286	0.97400002626688	0.95
0.6333564937426458	0.974399436530631	0.9746610020330467	0.9742352384024344	1.0
0.6342376331505368	0.9745999117357261	0.9748605407543149	0.9744390238699019	1.0
0.6351166549519706	0.9748099747455494	0.9750718833216262	0.974646809960435	1.0
0.6359935642361058	0.9750003966092844	0.9752609914021938	0.9748401388736955	1.0
0.6368683660798683	0.9752182954208447	0.9754807113874739	0.9750459241893928	1.0
0.6377410655479836	0.9754527524799252	0.9757179201467828	0.9752857938024504	1.0
0.638611667693006	0.9756395701130616	0.9759050408204193	0.9754755590456786	1.0
0.6394801775553469	0.9758819577450046	0.9761421378991093	0.9757213901619629	1.0
0.6403466001633031	0.976111445738112	0.9763727833951309	0.9759561707077227	1.0
0.6412109405330889	0.9763259762244957	0.9765877621205481	0.9761728126196995	1.0
0.6420732036688624	0.9765260295374161	0.9767696248000126	0.9763767069983084	1.0
0.642933394562755	0.9767607663850109	0.9770076644754467	0.9766132430272227	1.0
0.6437915181949018	0.9770207345543268	0.9772708194414352	0.9768722597970602	1.0
0.6446475795334686	0.9772027386498378	0.9774534705853949	0.9770535324600971	1.0
0.6455015835346812	0.9774039396615917	0.977648344648327	0.977258893128893	1.0
0.6463535351428552	0.9775998961253614	0.9778458406864793	0.9774547252418508	1.0
0.6472034392904226	0.9777997718668294	0.9780419931644473	0.9776487115218518	1.0
0.6480513008979631	0.9779700180587859	0.9782125666200754	0.9778216918214195	1.0
0.6488971248742293	0.9781921286405557	0.9784300171298984	0.9780417353386199	1.0
0.6497409161161768	0.9783672823333586	0.9786028469875291	0.978216414844101	1.0
0.6505826795089948	0.9785504589935817	0.9787769688954647	0.9783957943322193	1.0
0.6514224199261295	0.9787663102357737	0.9789906320435094	0.9785951702075483	1.0
0.6522601422293162	0.9789389975802015	0.9791641959983476	0.9787690627894745	1.0
0.6530958512686057	0.9790907167331471	0.979314378107266	0.9789230233969601	1.0
0.6539295518823935	0.979269316674241	0.9794929237704901	0.9790983322430248	1.0
0.6547612488974467	0.9794623547934954	0.9796807900625671	0.9792958993187136	1.0
0.6555909471289321	0.9796543275887476	0.9798749147128956	0.9794876077681942	1.0
0.6564186513804456	0.9798410738135068	0.9800589395212352	0.9796736392425792	1.0
0.6572443664440382	0.9800062207662812	0.9802249519136738	0.9798420096338161	1.0
0.6580680971002432	0.9801729702901774	0.9803831847307837	0.9800101377555017	1.0
0.658889848118107	0.9803607271111072	0.9805682912882069	0.9802014884533663	1.0
0.6597096242552135	0.9805093016897027	0.9807170895008748	0.9803525314623442	1.0
0.6605274302577124	0.980680816826873	0.9808836451968082	0.9805258345949669	1.0
0.6613432708603496	0.9808462451461516	0.9810459277188651	0.9806946954355954	1.0
0.6621571507864895	0.9810553461022982	0.9812496016764738	0.9809086860916093	1.0
0.6629690747481459	0.9812125769070621	0.9814012145783382	0.9810642746854255	1.0
0.6637790474460095	0.9813919865320916	0.9815816599651157	0.9812461255935183	1.0
0.6645870735694719	0.9815336181300776	0.9817235914352955	0.9813871113093487	1.0
0.6653931577966573	0.981684333956858	0.9818751290359172	0.9815407081343643	1.0
0.6661973047944448	0.9818776986729342	0.9820690517044344	0.9817374164830275	1.0
0.6669995192185	0.9820318421454465	0.9822231316954757	0.9818901856195257	1.0
0.6677998057132979	0.9821760760868192	0.9823668389788961	0.9820310715557635	1.0
0.6685981689121531	0.9823575129907016	0.9825509166588977	0.9822172040984896	1.0
0.669394613437244	0.98249909687868	0.9826906065943767	0.9823606118074896	1.0
0.6701891438996408	0.9826853537880252	0.9828787225954823	0.9825417647579094	1.0
0.6709817648993325	0.9828454410986485	0.9830343531519744	0.982705579420172	1.0
0.6717724810252536	0.9829998915463529	0.9831863224289735	0.9828592607648412	1.0
0.6725612968553087	0.9831457233043283	0.9833332128703983	0.983006486231114	1.0
0.6733482169564025	0.9832899993989479	0.9834785062648144	0.9831530163854321	1.0
0.6741332458844629	0.9834429263419274	0.9836318567387301	0.9833094481467617	1.0
0.6749163881844692	0.9835844731937401	0.9837702542878939	0.983453175980134	1.0
0.6756976483904771	0.9837437842420623	0.9839212873315784	0.9836156405867146	1.0
0.6764770310256476	0.9838839452549755	0.9840567775035514	0.9837549308006256	1.0
0.6772545406022685	0.9840035152410895	0.9841710641654671	0.9838748031154718	1.0
0.6780301816217871	0.9841347764424875	0.9843030560017335	0.9840058436903681	1.0
0.6788039585748288	0.9842675594263071	0.9844366875220476	0.9841397337111416	1.0
0.6795758759412304	0.9844156902066711	0.9845809860728728	0.9842913757105375	1.0
0.6803459381900594	0.9845670345709647	0.9847304448076839	0.9844448887135856	1.0
0.6811141497796442	0.984725450777996	0.9848912276983043	0.9846006884017396	1.0
0.6818805151576	0.9848582170528462	0.9850250472023001	0.9847362859768924	1.0
0.6826450387608515	0.984985556798464	0.985151061000692	0.9848661968527497	1.0
0.6834077250156606	0.985138590200355	0.9853010031588626	0.9850181571080646	1.0
0.6841685783376518	0.9852668403594482	0.9854281350012843	0.9851454401166876	1.0
0.6849276031318391	0.9854294052829827	0.9855886355188154	0.9853125584960939	1.0
0.685684803792647	0.9855813200901533	0.985742878181381	0.9854678277059488	1.0
0.6864401847039423	0.9856889033060108	0.9858484565665407	0.9855687801390717	1.0
0.6871937502390553	0.9857920022143769	0.9859513956798903	0.9856734308439163	1.0
0.6879455047608043	0.9858946647406267	0.9860503934471231	0.9857770041187235	1.0
0.6886954526215248	0.9860330507751666	0.9861746792720987	0.9859141739628554	1.0
0.6894435981630912	0.9861447534123183	0.9862860012387364	0.9860255959949265	1.0
0.6901899457169445	0.9862531182489727	0.9863938544250912	0.9861359307011862	1.0
0.6909344996041145	0.9863702455892629	0.9865118572011479	0.98625234811969	1.0
0.6916772641352474	0.9865030723806466	0.9866464180843298	0.9863884971722455	1.0
0.6924182436106304	0.9866139411670357	0.9867578974490793	0.9865009472917684	1.0
0.6931574423202153	0.9867101501603962	0.986853977426899	0.9865985997786043	1.0
0.6938948645436427	0.9868302347378481	0.9869743612322569	0.9867214066140985	1.0
0.6946305145502709	0.9869439968869477	0.9870871365019176	0.9868177835480748	1.0
0.6953643965991958	0.9870516041266771	0.9871944790530066	0.9869276214016961	1.0
0.6960965149392778	0.987168972279339	0.9873045653838657	0.9870477549096639	1.0
0.6968268738091671	0.987279087758812	0.9874155137254139	0.9871597097328307	1.0
0.6975554774373266	0.9873675619986357	0.9875037121858584	0.9872474941202333	1.0
0.6982823300420569	0.9874829442868464	0.9876202650930528	0.9873656150561168	1.0
0.699007435831522	0.9875947290251945	0.9877299754223177	0.9874799695017902	1.0
0.6997307990037718	0.9877350864377983	0.9878720927304885	0.9876232314354715	1.0
