-9.433483923
-9.433483923
-8.987196821
-8.764053269
-9.433483923
-8.987196821
-8.987196821
-9.433483923
-8.987196821
-9.433483923
-9.433483923
-9.433483923
-9.433483923
-9.433483923
-9.433483923
-8.317766167
-9.210340372
-9.433483923
-9.656627475
-9.210340372
-9.433483923
-9.433483923
-9.433483923
-9.433483923
-9.433483923
-9.433483923
-9.210340372
-9.433483923
-9.433483923
-8.317766167
-9.433483923
-8.317766167
-8.070906089
-9.433483923
-9.433483923
-9.433483923
-9.433483923
-9.433483923
-9.433483923
-8.070906089
-8.317766167
-6.931471806
-6.907755279
-9.433483923
-8.517193191
-7.624618986
-9.433483923
-9.433483923
-9.433483923
-9.656627475
-9.433483923
-9.433483923
-7.154615357
-8.540909718
-8.987196821
-8.987196821
-9.656627475
-9.433483923
-7.624618986
-8.540909718
-9.433483923
-9.433483923
-9.433483923
-9.433483923
-5.545177444
-9.433483923
-8.987196821
-9.210340372
-8.517193191
-9.433483923
-9.433483923
-8.29404964
-6.931471806
-9.433483923
-9.433483923
-9.433483923
-9.433483923
-8.987196821
-9.433483923
-9.433483923
-8.987196821
-6.461468176
-7.847762537
-9.433483923
-9.433483923
-7.60090246
-9.433483923
-6.931471806
-8.29404964
-9.210340372
-9.433483923
-9.433483923
-8.29404964
-9.433483923
-9.433483923
-6.461468176
-9.433483923
-9.656627475
-9.433483923
-8.764053269
-9.433483923
-9.433483923
-8.987196821
-9.433483923
-9.433483923
-9.433483923
-9.210340372
-8.987196821
-9.433483923
-9.433483923
-9.433483923
-9.433483923
-9.433483923
-9.433483923
-7.377758908
-9.433483923
-9.433483923
-8.317766167
-9.433483923
-9.656627475
-8.317766167
-9.433483923
-8.317766167
-8.987196821
-8.987196821
-8.987196821
-6.931471806
-8.317766167
-9.433483923
-8.317766167
-7.60090246
-9.433483923
-8.987196821
-8.070906089
-5.991464547
-8.764053269
-9.433483923
-8.987196821
-6.931471806
-8.987196821
-8.987196821
-8.540909718
-8.517193191
-9.433483923
-8.317766167
-9.210340372
-7.624618986
-7.847762537
-9.433483923
-8.070906089
-7.624618986
-9.433483923
-9.433483923
-9.433483923
-8.540909718
-9.433483923
-8.317766167
-9.433483923
-9.433483923
-9.433483923
-5.991464547
-8.317766167
-9.433483923
-5.545177444
-9.433483923
-8.987196821
-9.433483923
-9.433483923
-6.684611728
-8.070906089
-9.433483923
-9.433483923
-9.433483923
-9.433483923
-9.210340372
-8.29404964
-9.433483923
-9.433483923
-9.433483923
-6.931471806
-8.317766167
-9.433483923
-9.433483923
-8.317766167
-9.433483923
-9.433483923
-9.433483923
-9.433483923
-9.433483923
-8.317766167
-8.517193191
-9.433483923
-9.433483923
-9.433483923
-8.317766167
-8.29404964
-9.433483923
-5.545177444
-9.433483923
-9.433483923
-9.433483923
-8.517193191
-8.317766167
-9.433483923
-9.433483923
-8.987196821
-8.517193191
-8.070906089
-8.317766167
-8.540909718
-9.433483923
-8.987196821
-6.238324625
-9.433483923
-9.433483923
-7.824046011
-9.656627475
-8.987196821
-9.433483923
-8.317766167
-8.070906089
-9.433483923
-7.60090246
-7.60090246
-9.433483923
-8.987196821
-9.433483923
-7.624618986
-9.210340372
-9.433483923
-6.684611728
-8.317766167
-9.210340372
-8.764053269
-8.764053269
-8.317766167
-8.987196821
-9.433483923
-9.433483923
-9.433483923
-8.317766167
-9.433483923
-8.070906089
-8.740336743
-9.433483923
-8.317766167
-8.070906089
-9.433483923
-8.740336743
-8.987196821
-9.433483923
-9.433483923
-9.433483923
-8.317766167
-9.433483923
-9.433483923
-9.433483923
-9.433483923
-9.433483923
-8.987196821
-8.317766167
-9.433483923
-8.987196821
-9.433483923
-8.987196821
-9.433483923
-9.433483923
-9.433483923
-7.624618986
-9.433483923
-9.433483923
-8.29404964
-9.433483923
-8.987196821
-8.987196821
-8.317766167
-7.847762537
-9.656627475
-7.624618986
-9.433483923
-6.238324625
-9.433483923
-9.433483923
-9.433483923
-9.433483923
-9.433483923
-8.517193191
-9.433483923
-9.433483923
-8.987196821
-9.210340372
-5.545177444
-8.987196821
-9.433483923
-9.433483923
-8.987196821
-9.433483923
-9.433483923
-9.433483923
-9.433483923
-9.433483923
-8.070906089
-9.433483923
-7.624618986
-9.433483923
-8.764053269
-8.987196821
-8.987196821
-9.433483923
-9.656627475
-9.433483923
-7.847762537
-8.987196821
-9.433483923
-9.433483923
-8.317766167
-8.987196821
-9.433483923
-7.624618986
-8.987196821
-6.238324625
-9.433483923
-9.433483923
-9.433483923
-9.433483923
-8.987196821
-9.433483923
-8.764053269
-8.540909718
-6.931471806
-8.987196821
-9.656627475
-9.433483923
-8.070906089
-9.433483923
-8.987196821
-9.433483923
-8.987196821
-9.433483923
-9.433483923
-9.433483923
-9.656627475
-9.433483923
-8.29404964
-9.433483923
-9.433483923
-7.624618986
-8.317766167
-9.433483923
-9.210340372
-9.433483923
-5.768320996
-8.764053269
-8.317766167
-9.433483923
-8.764053269
-8.317766167
-9.433483923
-9.433483923
-6.931471806
-9.433483923
-7.377758908
-9.656627475
-9.433483923
-9.433483923
-8.317766167
-9.433483923
-9.433483923
-9.656627475
-9.433483923
-9.433483923
-9.433483923
-9.210340372
-9.433483923
-6.931471806
-9.656627475
-5.768320996
-9.433483923
-8.540909718
-9.433483923
-7.624618986
-9.433483923
-9.433483923
-9.433483923
-9.433483923
-9.210340372
-8.317766167
-7.154615357
-9.433483923
-9.210340372
-8.540909718
-9.433483923
-9.433483923
-9.433483923
-9.433483923
-8.317766167
-9.433483923
-9.433483923
-9.656627475
-9.433483923
-9.433483923
-8.540909718
-6.931471806
-9.433483923
-8.070906089
-9.210340372
-7.624618986
-9.433483923
-9.433483923
-9.656627475
-9.656627475
-7.624618986
-9.433483923
-8.317766167
-9.656627475
-9.433483923
-9.433483923
-7.377758908
-6.931471806
-9.433483923
-8.29404964
-6.461468176
-6.931471806
-8.070906089
-9.433483923
-8.317766167
-7.624618986
-8.317766167
-9.433483923
-8.317766167
-9.433483923
-9.433483923
-9.433483923
-9.433483923
-7.824046011
-8.29404964
-7.60090246
-7.624618986
-7.624618986
-9.433483923
-8.317766167
-8.987196821
-9.433483923
-9.433483923
-9.433483923
-9.210340372
-8.317766167
-9.433483923
-9.656627475
-8.987196821
-8.987196821
-8.987196821
-9.433483923
-9.433483923
-8.987196821
-9.433483923
-9.433483923
-9.433483923
-9.656627475
-9.433483923
-9.433483923
-8.317766167
-6.931471806
-8.987196821
-9.433483923
-9.433483923
-9.433483923
-7.154615357
-7.624618986
-9.433483923
-9.433483923
-9.433483923
-8.987196821
-6.238324625
-9.433483923
-9.433483923
-8.987196821
-9.433483923
-8.987196821
-7.624618986
-9.433483923
-8.317766167
-7.847762537
-9.433483923
-9.433483923
-8.540909718
-9.433483923
-7.624618986
-9.433483923
-8.987196821
-9.656627475
-9.433483923
-5.545177444
-8.987196821
-8.540909718
-9.433483923
-7.624618986
-9.433483923
-9.433483923
-8.987196821
