0.015432098765432056	0.01954938271604937	0.019766081871345015	0.019174788823911618	0.0
0.030626047858558048	0.03969780292638313	0.040175263719426556	0.03882887637475028	0.0
0.045585522428642	0.05841092398461909	0.059085945119144216	0.057019829535466506	0.1
0.06031414090968146	0.0762761643771899	0.0769612327862057	0.07454091306240909	0.1
0.07481546589564311	0.09373471596663666	0.09442565343065833	0.0914181184228508	0.1
0.08909300500219186	0.11155377738981147	0.11228646555656381	0.10933462564149346	0.1
0.10315021171512091	0.12824469088402157	0.1291229312735211	0.12607917167887628	0.15
0.11699048622569008	0.14447134579064885	0.1454820141865105	0.14235029921780346	0.15
0.1306171762530713	0.16092212920606114	0.16194606363574493	0.1588723433886806	0.15
0.14403357785410426	0.17709121015120755	0.17812937240358134	0.17511257290183302	0.2
0.1572429362205532	0.1937154474716069	0.19491618884126025	0.19197392514771264	0.2
0.17024844646406306	0.21049164820061197	0.2117672591617024	0.20872876143745545	0.2
0.18305325438900028	0.22657713197925947	0.22790622360700374	0.22477662330585702	0.3
0.19566045725336764	0.24213584922264858	0.24350538443927705	0.2405538198167458	0.3
0.2080731045179761	0.2564814821431959	0.25781608201627465	0.2548032514382983	0.3
0.2202941985840567	0.2706088279429081	0.2719375806013076	0.26884182346786223	0.3
0.2323266955194878	0.28475414230595547	0.2862144567724762	0.28305344279053274	0.3
0.24417350577381663	0.29912806206052317	0.3006207350398983	0.29751825835391676	0.3
0.2558374948822454	0.31357956459970476	0.3149799392044783	0.3120770664190262	0.3
0.2673214841587539	0.3263212764570517	0.32781313528491257	0.32484819296480333	0.35
0.27862825137852626	0.33842352597595327	0.33986811134645384	0.33695807536560585	0.35
0.28976053144984526	0.3522371593170909	0.35355272531343795	0.35098401420388303	0.35
0.3007210170756193	0.36502130937741684	0.3663540152457368	0.36393422976159134	0.35
0.3115123594046993	0.3773511803461134	0.37858233445765777	0.3761945334971529	0.35
0.3221371686731453	0.39110523193540336	0.39251410679997556	0.39008703173000814	0.35
0.3325980148355967	0.40320278830012457	0.40450491070378564	0.40199386444492574	0.35
0.3428974281868991	0.4141073520052901	0.4153776117410266	0.41280120909544954	0.4
0.35303789997413837	0.4257078636618424	0.42691546620037113	0.424438222278972	0.4
0.3630218829992289	0.437374690442023	0.43861423456101917	0.4360756201176842	0.4
0.3728517922122038	0.44866072279908903	0.44992294635225943	0.44707538385765216	0.4
0.3825300052953488	0.4590747472413991	0.46041779215515316	0.45752950526153247	0.4
0.3920588632383215	0.46927393539357887	0.4706937056859402	0.4677668907870812	0.45
0.40144067090439683	0.4800910412402929	0.48162715880255813	0.47856607563498715	0.45
0.410677697587971	0.4902449734196991	0.491412133057203	0.4888556804857438	0.45
0.4197721775634652	0.5001379421599307	0.5013073330374731	0.4987040002581102	0.45
0.4287263106257574	0.5104195368075211	0.5116333916656043	0.5088634091338818	0.45
0.4375422626222735	0.5204258920882296	0.5216667444898434	0.5187507809558302	0.45
0.4462221659768682	0.5302520011655336	0.5314912387811508	0.5286576530874988	0.45
0.45476812020562	0.539698315115874	0.5410340664014479	0.5380871585494339	0.45
0.463182192424669	0.5485720706795844	0.5499014884769812	0.5470091529925972	0.45
0.47146641785021426	0.5575095796365765	0.5589222200728153	0.556074519395289	0.55
0.47962280029079735	0.5658718614435586	0.5673434242908112	0.5644722192741988	0.55
0.4876533126319888	0.5740477729861478	0.5754992689626848	0.5727474356662207	0.55
0.495559897313594	0.5820589154240663	0.5835636857503508	0.5807891393845606	0.55
0.5033444667994952	0.590291098417864	0.5917939254311756	0.5889018718835403	0.55
0.5110089040402438	0.5988825797671876	0.6004816262221829	0.5976342031305296	0.6
0.5185550629285114	0.6070895140029944	0.6087700338462309	0.6057433994992576	0.6
0.5259847687475159	0.615316355943891	0.6170157930403339	0.6136608311464983	0.6
0.5332998186125232	0.6226132501776107	0.6243580623532093	0.6209974949861782	0.6
0.5405019819055397	0.6304275281961378	0.6321834834826934	0.6289414658364268	0.6
0.5475930007032941	0.6384400802921835	0.6402250240689319	0.6370430437864852	0.6
0.5545745901986134	0.6454648241444226	0.6472982812010274	0.6441211206557964	0.6
0.5614484391153012	0.6527886484075476	0.6545521653845144	0.6515097418981001	0.6
0.5682162101166084	0.6594818240245427	0.661226543057224	0.6582724043972119	0.6
0.5748795402074016	0.6669543768844679	0.6687888892795001	0.6657905137895309	0.6
0.5814400411301269	0.6734507239423909	0.6753283340719363	0.6721923777462054	0.6
0.587899299754662	0.6804295471240962	0.6822508100894984	0.6791845416821172	0.6
0.5942588784621515	0.6867109198596616	0.6885175821218494	0.6855561658827464	0.6
0.600520315522921	0.6926492283557483	0.6943618651433185	0.691523051283521	0.65
0.606685125468555	0.698288208594837	0.7000215691063231	0.6971801129316146	0.7
0.6127547994582374	0.7041044386654038	0.7058721120971704	0.7030745055547877	0.7
0.6187308056394374	0.7100276930622476	0.7117859847989764	0.7089863209055786	0.7
0.6246145895030266	0.7156731212809354	0.7174658866195449	0.7146128696317285	0.75
0.6304075742329184	0.7212908561482771	0.7230069064563341	0.7202172898460247	0.75
0.6361111610503111	0.7266947121088723	0.7283917508400943	0.7256957547102405	0.75
0.6417267295526212	0.7318511316946303	0.7335217548642993	0.7309169979573371	0.75
0.6472556380471794	0.7379296210088251	0.7395694153020144	0.7368936808947266	0.75
0.6526992238797847	0.7427116581169693	0.7443649754235162	0.7417305332138716	0.75
0.6580588037581835	0.7477995384023731	0.7494392535302693	0.7468535972874701	0.75
0.663335674070557	0.7524711634824992	0.7541266081881769	0.7514971469853636	0.75
0.6685311111990977	0.7576706773271982	0.7592734855850234	0.7567471006200645	0.8
0.6736463718287413	0.7629314103760464	0.7644920552509786	0.7621021433962746	0.8
0.678682693251137	0.7672689236412104	0.7687978968534438	0.7664091017841567	0.8
0.6836412936639283	0.771672701078882	0.7732208289455745	0.7707915640447763	0.8
0.688523372465411	0.7758808199294934	0.7773489754217875	0.7750149389603584	0.8
0.6933301105446484	0.7800354266681175	0.7814766178616414	0.7791858042976463	0.8
0.6980626705671076	0.7842963714768949	0.7857609236333813	0.7834706205710851	0.8
0.7027221972558864	0.7885845377974257	0.7900769839257072	0.7877895340845943	0.8
0.7073098176686047	0.7924819490284307	0.7939458262169797	0.7916624694252327	0.8
0.711826641470015	0.7967212568881996	0.7981330137681353	0.795968995617362	0.8
0.7162737612004157	0.8008313039712347	0.8022351080428403	0.8001111643022665	0.8
0.7206522525399155	0.8050479928817387	0.8064536100408468	0.8043328414685063	0.8
0.7249631745686202	0.8090188595159195	0.8104174280055391	0.8083653942849711	0.8
0.7292075700228083	0.8129051625530701	0.8143315725753576	0.8122778052886631	0.8
0.7333864655471481	0.8168090257727766	0.8181903799085333	0.8162149104090896	0.8
0.7375008719430252	0.8206179958155657	0.8220297142755312	0.8200247522610217	0.8
0.7415517844130404	0.8242297670853833	0.8255904037350777	0.8236299964320017	0.8
0.7455401828017277	0.8277563933146945	0.8291388810449611	0.8271115333884691	0.8
0.7494670318325656	0.8310503893256902	0.8323740688067574	0.8304229607021029	0.8
0.7533332813413218	0.8343964030931765	0.835707007742499	0.8337920312694121	0.8
0.7571398665058079	0.8376599761150716	0.8389876165397144	0.8370110617735046	0.8
0.7608877080720761	0.8408056815863537	0.8421160733789265	0.8400696811725045	0.8
0.7645777125771365	0.8438834466042341	0.8451405140264352	0.8431914917253168	0.8
0.76821077256823	0.8468286562773487	0.8480302074432605	0.8460910536118286	0.8
0.7717877668187204	0.8499397212357414	0.8510991637551649	0.8492302283311134	0.8
0.7753095605406538	0.8526743008099815	0.8538378946206473	0.8519978007926462	0.8
0.7787770055940388	0.8557466689058476	0.8567866038051926	0.8550431395618235	0.85
0.7821909406928961	0.8584712503489612	0.8594947284293457	0.8577835505608539	0.85
0.7855521916081293	0.8614289116445601	0.8624773098181675	0.860771671170571	0.85
0.7888615713672633	0.8641239935817779	0.8651597638518337	0.8634857111051183	0.85
0.7921198804511017	0.8666676109287403	0.8676856421102839	0.8659895207484305	0.9
0.7953279069873498	0.8694467006117014	0.870432432441447	0.8686714451965593	0.9
0.7984864269412489	0.8719727978746057	0.8729459829675514	0.8712364213224714	0.9
0.8015962043032664	0.8744256875264688	0.8753566063216863	0.8736850349353859	0.9
0.8046579912738954	0.8769022027117602	0.8777959067862239	0.8762013294179191	0.9
0.8076725284455947	0.8794008214412699	0.8802895033292722	0.8787422883756348	0.9
0.8106405449819276	0.8818514936937861	0.8827351582008965	0.88121659537603	0.9
0.8135627587939351	0.8842186239566827	0.8850953556199872	0.8836221471811349	0.9
0.8164398767137817	0.8864357466120814	0.887243289253535	0.8858541590237494	0.9
0.8192725946657295	0.8885348279825136	0.8893481478406898	0.8879638020947607	0.9
0.8220615978344681	0.8907143591382507	0.8915393061646926	0.8901599794515304	0.9
0.8248075608308498	0.8930500716843144	0.8937874926184621	0.8925031243224582	0.9
0.8275111478550649	0.8950738665802934	0.895819556669083	0.8944979148397129	0.9
0.8301730128573016	0.8974563427544296	0.8982113500637815	0.8969141830831032	0.9
0.832793799695924	0.899455025681195	0.9002013001269226	0.8989281547569978	0.9
0.8353741422932085	0.9013591713271045	0.9021124831746089	0.9008442784127711	0.9
0.8379146647886839	0.9033294846567623	0.9040947543908707	0.9028316863394086	0.9
0.8404159816900931	0.9052239910616992	0.905980579222294	0.9047409013199331	0.9
0.8428786980220361	0.9070193071758454	0.9077640004886568	0.9065305939502101	0.9
0.8453034094723135	0.9090028979663709	0.909726692705856	0.9085206952015973	0.9
0.8476907025360122	0.9107157165083242	0.9114445806430619	0.9102088055973333	0.9
0.8500411546573703	0.9124489273984189	0.9131684939561714	0.9119685427134637	0.9
0.8523553343694475	0.9141718820067617	0.9148999156059552	0.9137057427265468	0.9
0.8546338014316477	0.9158262818025639	0.916560443041775	0.9153175800330006	0.9
0.8568771069651098	0.9175657055131768	0.9182957791292209	0.9170880354784022	0.9
0.8590857935860188	0.919228807686908	0.9199681919979376	0.9186904078270182	0.9
0.8612603955368515	0.9208283352667795	0.921574891355711	0.9203053670777843	0.9
0.8634014388156039	0.9224490646613335	0.9231498960090342	0.921955164045133	0.9
0.8655094413030179	0.9239368343025042	0.9246274052502809	0.9234547979523781	0.9
0.8675849128878477	0.9253201678936742	0.925996621882599	0.9248457295346573	0.9
0.8696283555901955	0.9268113875346596	0.9274639496241088	0.926338632661677	0.9
0.8716402636829395	0.9282749748050207	0.9289211493900208	0.927827101498998	0.9
0.8736211238112889	0.9297768067963272	0.9304037768167642	0.9293463637974683	0.9
0.8755714151104976	0.9313028268546585	0.9319434018752478	0.9308922282095269	0.9
0.8774916093217551	0.9327329679142513	0.9333831311756832	0.9323382872207088	0.9
0.8793821709062964	0.9341186884944943	0.93474866145424	0.9337270362538203	0.9
0.8812435571577419	0.9353889548087301	0.9360099059197698	0.9350071997045435	0.9
0.8830762183127151	0.9366016868553301	0.9372119931459167	0.9362032577210179	0.9
0.8848805976597414	0.9378884458339378	0.9385055648674975	0.9375033274454857	0.9
0.8866571316464732	0.9390114386700381	0.9396156968822972	0.9386409203717367	0.9
0.8884062499852627	0.9402197904394077	0.9407859345800716	0.9398602880103888	0.9
0.8901283757570951	0.9413168129830266	0.9418581957976436	0.9409720420333916	0.9
0.8918239255139294	0.9424850706218131	0.94300727464491	0.9421594440484118	0.9
0.8934933093794551	0.9436184044650338	0.944134529756861	0.943292394264102	0.9
0.8951369311482914	0.9447189899566674	0.9452285301027522	0.9444101423110804	0.9
0.8967551883836574	0.9458180001090375	0.9463220668393418	0.9455188343771455	0.9
0.8983484725135394	0.9469426644216051	0.9474313517674634	0.9466459689155385	0.9
0.8999171689253668	0.9479013422826925	0.9483675712760354	0.9476165881382528	0.9
0.9014616570592349	0.9488933979280807	0.9493262866801757	0.9486062510059439	0.9
0.9029823104996787	0.949911506478994	0.9503147076272968	0.9496408659112665	0.9
0.9044794970660417	0.9509078110575798	0.9512959062300897	0.9506458002408359	0.9
0.9059535789014423	0.9518991862798526	0.952293596524799	0.9516463570211776	0.9
0.9074049125603704	0.9529063245283748	0.9532887191157876	0.9526608841867141	0.9
0.9088338490949328	0.9537319427572746	0.9541048092859435	0.9534954934424604	0.9
0.9102407341397644	0.9546535689880393	0.9550229416523551	0.9544170101088004	0.9
0.9116259079956317	0.9555063893564807	0.95586960976764	0.9552669358623566	0.9
0.9129897057117485	0.9563522700907043	0.9567182668770444	0.9561184048669439	0.9
0.9143324571668143	0.9572820228099156	0.9576476345845478	0.9570652495984578	0.9
0.915654487148808	0.9580219011562677	0.958386115526689	0.9578127179632238	0.9
0.9169561154335485	0.9588233642354785	0.9591821018363047	0.9586254961734914	0.9
0.9182376568620432	0.9596188708658289	0.9599633454820766	0.9594264026239702	0.9
0.9194994214166418	0.960429371325015	0.9607506426014407	0.9602497330029229	0.9
0.9207417142960141	0.9611622805088444	0.9614687051540948	0.9609918486638127	0.9
0.9219648359889769	0.9620126529535554	0.9622886175586315	0.9618453406939936	0.9
0.923169082347172	0.9626918757564267	0.9629684762964308	0.9625320401241483	0.9
0.9243547446566289	0.9633727381913252	0.9636436886699064	0.9632153346489624	0.9
0.9255221097082241	0.9641404455100492	0.9644029416125384	0.9639904661864621	0.9
0.926671459867048	0.9648240311014206	0.9650893288331197	0.9646778565288981	0.95
0.9278030731407046	0.9655673337995694	0.9658325552348743	0.965428892775575	0.95
0.9289172232465577	0.9662183411715246	0.9664857664764133	0.9660819282556441	0.95
0.9300141796779379	0.9668443025548612	0.967106795281854	0.9667055671833336	0.95
0.9310942077693282	0.9675337446697394	0.9677953473528194	0.9673956001400638	0.95
0.9321575687605422	0.9681383066626814	0.9683952403801765	0.9680077434421971	0.95
0.9332045198599166	0.968761520238683	0.9690154423568937	0.968635121288136	0.95
0.9342353143065228	0.9694109679314282	0.9696697805714731	0.9692841450510469	0.95
0.9352502014314222	0.970025722398109	0.9702822838383213	0.9698982966565106	0.95
0.9362494267179745	0.970623268642367	0.9708773140516086	0.970504651933156	0.95
0.9372332318612152	0.9711908330856307	0.971434746104011	0.9710756525031776	0.95
0.9382018548263199	0.9717886557620252	0.9720170948661617	0.9716738041673968	0.95
0.9391555299061606	0.9723282028799616	0.9725586002086154	0.9722084006266062	0.95
0.9400944877779797	0.9728889886336173	0.9731039194631801	0.9727780747513881	0.95
0.9410189555591832	0.9735032752290351	0.9737140519061599	0.973385949288638	0.95
0.9419291568622821	0.9740030699553621	0.9741973425210495	0.9738872349020051	0.95
0.9428253118489753	0.9744761881759064	0.9746712485517779	0.9743620610366609	0.95
0.9437076372834049	0.9749414798839959	0.9751372882648369	0.9748290782379845	0.95
0.9445763465845867	0.9754164198884968	0.9756035656036662	0.9753022046885219	0.95
0.9454316498780347	0.9758949210483518	0.9760798247693031	0.9757796755102263	0.95
0.9462737540465833	0.9763648391896751	0.9765520434677317	0.9762435677098968	0.95
0.9471028627804327	0.9767995177276552	0.9769875140193306	0.9766761755245019	0.95
0.9479191766264135	0.9772349485056877	0.9774241172328753	0.9771175833444481	0.95
0.9487228930364997	0.9777058225301541	0.9778827786518774	0.977596561270275	0.95
0.9495142064155658	0.9781456687890973	0.9783157672942939	0.9780398514711779	0.95
0.9502933081684122	0.9786146561623887	0.9787849877234804	0.9785103132650868	0.95
0.9510603867460606	0.9790463364242588	0.9791979199679779	0.9789420201737346	0.95
0.9518156276913367	0.9794782366882664	0.9796293220481159	0.9793812429542236	0.95
0.9525592136837545	0.9798816090370532	0.9800311249248616	0.9797743862563322	0.95
0.9532913245836966	0.980252159048991	0.9804025297515675	0.9801390618364362	0.95
0.9540121374759234	0.9806533708423142	0.9808064979125869	0.9805442370244253	0.95
0.9547218267124059	0.9810537566610928	0.9812098799607057	0.9809516663084726	0.95
0.9554205639544987	0.981395247342008	0.981547986539026	0.9812973172147645	0.95
0.95610851821446	0.9817602583621093	0.9819020236866395	0.9816652195748709	0.95
0.9567858558963355	0.9821330515374772	0.9822650575094071	0.9820345681739522	0.95
0.9574527408362069	0.9824806031957711	0.9826023047820969	0.982387420013291	0.95
0.9581093343418207	0.9828162765869726	0.9829324501916136	0.9827279689075888	0.95
0.9587557952316079	0.9831650283255957	0.983276877727122	0.9830769404716313	0.95
0.9593922798730954	0.9834962910439543	0.9836101756256677	0.9834108609719997	0.95
0.9600189422207329	0.9838297259634906	0.9839429652914483	0.9837473416498853	0.95
0.9606359338531295	0.9841471596508151	0.984255676984225	0.984069619985407	0.95
0.9612434040097163	0.9844461754925089	0.984552969810097	0.9843675552729131	0.95
0.9618414996268502	0.9847405416249853	0.9848485477756171	0.9846637106167138	0.95
0.9624303653733502	0.9850229057174286	0.9851289002557357	0.9849447960131831	0.95
0.9630101436854893	0.9853345527805351	0.9854403893762471	0.9852501204839866	0.95
0.9635809748014538	0.9856387302756833	0.9857443224680817	0.9855550310243942	0.95
0.9641429967952589	0.9859169236552596	0.9860141856446462	0.9858329293374571	0.95
0.9646963456101467	0.9861932946880406	0.9862921630685753	0.9861092413201431	0.95
0.9652411550914716	0.986453911000474	0.98655375625926	0.9863736573773163	0.95
0.9657775570190722	0.9867374181153524	0.9868341226387619	0.986660369281711	0.95
0.9663056811391485	0.9870130568278526	0.9870988371271548	0.9869409322425259	0.95
0.966825655195643	0.9872823401907752	0.9873704213291437	0.987210801775367	0.95
0.9673376049611424	0.9875134881605957	0.9875997084694633	0.9874430448333492	0.95
0.9678416542672975	0.9877760336636134	0.987864599855268	0.987700632792531	0.95
0.9683379250347774	0.9880090033669633	0.9880935659477091	0.9879332425974773	0.95
0.9688265373027594	0.9882717005661196	0.9883382692087072	0.9881974249802001	0.95
0.9693076092579636	0.9884987797018473	0.9885667466748055	0.9884264000321344	0.95
0.9697812572632426	0.9887310101518103	0.988800809435013	0.9886503879451256	0.95
0.9702475958857232	0.9889433269350502	0.9890120247855689	0.9888643888788275	0.95
0.9707067379245233	0.9891776412492035	0.9892466227651603	0.9890998579229693	0.95
0.9711587944380339	0.9893909626471377	0.9894546691576123	0.989315299086923	0.95
0.9716038747707799	0.9896063432999392	0.9896698656916997	0.9895265689450993	0.95
0.9720420865798726	0.9898015604502041	0.9898640508185441	0.9897216771220352	0.95
0.9724735358610485	0.9900138983555167	0.990071584393893	0.9899367300279056	0.95
0.9728983269743029	0.9902147366702623	0.9902721918437488	0.990139834780835	0.95
0.9733165626691441	0.9904053038951821	0.9904553862735154	0.9903322816380306	0.95
0.9737283441094353	0.9905809907581865	0.9906300408064117	0.9905105491016716	0.95
0.9741337708978698	0.9907660463447397	0.9908147475055532	0.9906974686101602	0.95
0.9745329411000633	0.9909529480260872	0.9910032345940166	0.9908849312259667	1.0
0.9749259512682722	0.9911316492681499	0.9911815921424206	0.9910667392806625	1.0
0.9753128964647498	0.9912956613202434	0.9913462626704994	0.9912331822294472	1.0
0.9756938702847379	0.9914566405982848	0.9914994353600847	0.9913965284838228	1.0
0.9760689648791093	0.9916323989762995	0.9916753248224431	0.9915755259080268	1.0
0.9764382709766541	0.9918039999070114	0.9918470069014572	0.9917490561150855	1.0
0.9768018779060267	0.9919756760186628	0.99201253858448	0.9919227969850046	1.0
0.9771598736173532	0.9921351710326531	0.9921719244542434	0.9920838447362401	1.0
0.9775123447035055	0.9922917121851924	0.9923266892417381	0.992241909858469	1.0
0.9778593764210439	0.9924423843821334	0.9924754987450805	0.9923926033481062	1.0
0.9782010527108426	0.9925889198555211	0.9926217672857675	0.9925414810264196	1.0
0.9785374562183907	0.9927302489030211	0.9927611368313007	0.9926839036666814	1.0
0.9788686683137866	0.9928688165905143	0.992899340028921	0.9928235371080909	1.0
0.9791947691114128	0.9930074030896163	0.9930389574542755	0.9929643243316063	1.0
0.9795158374893234	0.9931481560942442	0.9931773869074384	0.9931052642189249	1.0
0.9798319511083153	0.9932761524547862	0.9933039934916759	0.9932341133135746	1.0
0.9801431864307176	0.9933982028799638	0.9934265767631053	0.9933577749828144	1.0
0.9804496187388857	0.9935297790025033	0.993559277992728	0.9934894531620087	1.0
0.9807513221534092	0.9936653190686474	0.9936962412999981	0.9936274940129629	1.0
0.9810483696510417	0.9937961844374442	0.9938272475329158	0.9937573649206461	1.0
0.9813408330823528	0.993917895877293	0.9939487429916488	0.9938810424558154	1.0
0.9816287831891067	0.9940325138942635	0.9940628943162424	0.9939973217450286	1.0
0.9819122896213734	0.9941506459975724	0.9941795892622708	0.9941173675301308	1.0
0.9821914209543771	0.9942705892995709	0.9942996082584955	0.9942393862567951	1.0
0.982466244705081	0.994366814741948	0.994394776588756	0.9943356698093092	1.0
0.9827368273485211	0.9944744615581668	0.9945030821552541	0.9944448875174653	1.0
0.9830032343338836	0.9945952412923134	0.9946252891124242	0.9945679925400334	1.0
0.9832655301003361	0.9946995869007	0.9947293023578118	0.9946738606979725	1.0
0.9835237780926145	0.9948061768153103	0.9948346426108702	0.9947821525385243	1.0
0.9837780407763705	0.9949130215983445	0.9949404035833032	0.9948890799570096	1.0
0.9840283796532783	0.995018116847287	0.9950455650187242	0.9949942888889768	1.0
0.9842748552759131	0.9951179719594581	0.9951442389398282	0.9950941022796308	1.0
0.9845175272623962	0.9952061999613668	0.995231865783292	0.995182657579765	1.0
0.9847564543108158	0.9952996959427667	0.995325134993094	0.995276838052595	1.0
0.9849916942134268	0.9953872330717861	0.9954100040467795	0.9953639929204	1.0
0.9852233038706263	0.9954736065046209	0.9954960058908424	0.9954500337221539	1.0
0.9854513393047221	0.9955689080297935	0.9955914967927462	0.9955463759605147	1.0
0.9856758556734764	0.9956545930942763	0.9956777440028688	0.9956328338307816	1.0
0.9858969072834538	0.995743963428953	0.9957679313644446	0.9957218619959556	1.0
0.9861145476031533	0.9958308717696444	0.9958548217938803	0.9958096055618447	1.0
0.986328829275944	0.9959103332460193	0.995933958456448	0.9958895795620428	1.0
0.9865398041327966	0.9959863876700104	0.9960095922109881	0.9959653148074618	1.0
0.9867475232048216	0.9960607073861183	0.9960834818745244	0.9960393200899831	1.0
0.9869520367356113	0.9961418989945141	0.9961653957119081	0.996120652854391	1.0
0.9871533941933952	0.9962155843944955	0.9962394630768694	0.9961941761709295	1.0
0.9873516442830027	0.9962949281025842	0.9963158448991595	0.9962744037980036	1.0
0.9875468349576482	0.9963659037068883	0.9963857578264591	0.9963464223758685	1.0
0.987739013430524	0.996435780615083	0.996455402793599	0.9964161595295197	1.0
0.9879282261862258	0.9965074701294441	0.9965262607142403	0.9964885116316158	1.0
0.9881145189919941	0.996575248721965	0.9965931042022952	0.9965561939881739	1.0
0.9882979369087842	0.9966398550677716	0.9966574422608401	0.9966199021257441	1.0
0.988478524302167	0.9967061159606357	0.996723589885297	0.996687229187244	1.0
0.9886563248530595	0.996775714461361	0.9967926106596184	0.9967570579770776	1.0
0.9888313815682903	0.9968376463235161	0.9968549225342505	0.9968189466639824	1.0
0.9890037367910018	0.9968994395943295	0.9969158855074103	0.9968817122738173	1.0
0.9891734322108936	0.9969608125364184	0.9969771620617008	0.9969430829247697	1.0
0.9893405088743062	0.9970193627495961	0.9970355289250414	0.9970020808832389	1.0
0.9895050071941467	0.9970792332652632	0.9970947051466991	0.9970625174087081	1.0
0.989666966959669	0.997135002408266	0.9971507984514825	0.9971162244847794	1.0
0.9898264273460942	0.9971902883142623	0.9972064233798109	0.9971723829619767	1.0
0.9899834269240865	0.9972448451156671	0.9972613205018788	0.9972274042441651	1.0
0.9901380036690849	0.9972979749679981	0.9973147546323196	0.9972799286103718	1.0
0.990290194970488	0.9973490399901073	0.9973655629999834	0.9973317651311775	1.0
0.9904400376406967	0.9973996095275016	0.9974159043286271	0.9973803018480506	1.0
0.9905875679240193	0.99744868896777	0.9974634826984622	0.9974297874727355	1.0
0.990732821505439	0.997503136470607	0.9975174831202609	0.9974834085365614	1.0
0.9908758335192436	0.99755351401909	0.9975678128497821	0.9975347139865706	1.0
0.9910166385575266	0.9976021025920595	0.9976163094336449	0.9975841629024296	1.0
0.9911552706785528	0.9976508875468288	0.9976650617959769	0.9976335105708954	1.0
0.9912917634149953	0.9976947522347753	0.997709108427224	0.9976780441037642	1.0
0.9914261497820471	0.9977398149078807	0.9977540301343705	0.997722688611207	1.0
0.991558462285411	0.9977869898556033	0.9978012218196973	0.9977704606951111	1.0
0.9916887329291544	0.997828360500384	0.9978418652850077	0.9978113435407118	1.0
0.9918169932234576	0.9978749660548603	0.9978889515164844	0.9978578078896119	1.0
0.991943274192231	0.99792076403624	0.9979331333786249	0.9979045550915792	1.0
0.9920676063806229	0.9979598880612663	0.9979724368898055	0.9979440118956858	1.0
0.9921900198624035	0.9979968605082059	0.9980091344560956	0.9979812358507559	1.0
0.9923105442472429	0.9980348255319391	0.9980464820313685	0.9980192033950364	1.0
0.9924292086878722	0.9980720815754955	0.9980835676834969	0.9980570652197457	1.0
0.9925460418871331	0.9981132952293045	0.9981248587084844	0.9980985268346731	1.0
0.9926610721049244	0.9981494078604201	0.9981604083659449	0.9981352356266263	1.0
0.9927743271650333	0.9981861041457123	0.998197028625566	0.9981720137986329	1.0
0.9928858344618694	0.9982230923956947	0.9982339933906822	0.9982083447072293	1.0
0.9929956209670875	0.9982588090970074	0.9982692694195388	0.9982438406012097	1.0
0.9931037132361137	0.9982920777327283	0.9983020201038874	0.9982774403449682	1.0
0.9932101374145684	0.998327476807774	0.9983374335285752	0.9983135412135183	1.0
0.993314919244591	0.9983607100238278	0.9983702384333245	0.9983471514732031	1.0
0.9934180840710634	0.9983894509929204	0.9983987178844588	0.9983762829046764	1.0
0.9935196568477448	0.9984205472046511	0.9984297093939357	0.9984079108571399	1.0
0.9936196621433041	0.9984522924692237	0.9984610745444891	0.9984402390740766	1.0
0.9937181241472655	0.99848238309092	0.9984907435416424	0.9984703710816838	1.0
0.9938150666758572	0.9985106845467835	0.9985191728961953	0.9984991148260509	1.0
0.9939105131777726	0.9985389309984767	0.998547565364765	0.998527363148583	1.0
0.9940044867398438	0.9985670850359621	0.998575617254164	0.9985552568303525	1.0
0.994097010092624	0.9985944751444384	0.9986031534411972	0.9985831072214568	1.0
0.9941881056158867	0.9986204799244043	0.9986289962773269	0.998609514515574	1.0
0.994277795344036	0.9986487055751845	0.998657455595577	0.9986378559289001	1.0
0.9943661009714436	0.9986748292042744	0.998683475064003	0.9986642383541164	1.0
0.9944530438576858	0.9987018384877198	0.9987101638511028	0.9986913546236579	1.0
0.9945386450327224	0.9987295268887811	0.9987378900984026	0.9987194291899847	1.0
0.99462292520197	0.9987531170436913	0.998761328688275	0.9987429993918385	1.0
0.9947059047513221	0.9987792653820261	0.9987868842665872	0.9987692904525755	1.0
0.9947876037520732	0.9988026403490855	0.9988098924267386	0.9987930581153039	1.0
0.9948680419657766	0.9988273222985505	0.9988339995326643	0.998818214474382	1.0
0.99494723884902	0.9988510473735641	0.9988577066826305	0.99884201908078	1.0
0.9950252135581403	0.9988727562435846	0.9988793149673514	0.9988639178766463	1.0
0.995101984953848	0.9988967405086635	0.998903341426198	0.9988882294668023	1.0
0.9951775716057949	0.9989177860448489	0.9989242970813207	0.9989092814350723	1.0
0.9952519917970634	0.9989397370157074	0.9989462280022557	0.9989313109641993	1.0
0.9953252635285906	0.9989606993605031	0.998967332296543	0.9989523237622232	1.0
0.9953974045235194	0.9989829283177155	0.9989890956530127	0.9989746932326543	1.0
0.9954684322314901	0.9990032135512333	0.9990094833582956	0.9989952073136807	1.0
0.9955383638328555	0.99902186017645	0.999028066852861	0.9990141492876459	1.0
0.9956072162428422	0.9990390004134724	0.9990452189650326	0.9990315161770583	1.0
0.9956750061156384	0.9990585604353823	0.9990649319575026	0.999050956482094	1.0
0.9957417498484216	0.9990765495720757	0.9990826193827885	0.9990691156469836	1.0
0.995807463585329	0.999094768510923	0.999100784760102	0.9990875310934786	1.0
0.9958721632213571	0.9991115560609064	0.9991175586324966	0.9991044539330735	1.0
0.9959358644062133	0.9991290559411043	0.999135070336286	0.9991221404507182	1.0
0.9959985825480924	0.9991465566630356	0.999152531897805	0.9991398414545628	1.0
0.996060332817412	0.9991644917970757	0.999170280023932	0.9991578715905394	1.0
0.9961211301504772	0.9991804351082507	0.9991862945193587	0.9991739622842921	1.0
0.996180989253093	0.9991953782050897	0.9992012680084755	0.9991888771450156	1.0
0.9962399246041255	0.9992128817142136	0.9992187994527197	0.9992065052813408	1.0
0.9962979504589999	0.9992281182598777	0.9992340462801141	0.999221764842787	1.0
0.9963550808531508	0.9992442200714565	0.9992501933348843	0.9992378001997959	1.0
0.9964113296054172	0.9992592948149959	0.9992652964947424	0.9992531535666412	1.0
0.9964667103213831	0.9992738097982672	0.9992798002105509	0.9992678242883438	1.0
0.9965212363966705	0.999288803374983	0.999294600457345	0.9992830100557314	1.0
0.9965749210201785	0.9993029160274972	0.9993084952480736	0.9992973772374234	1.0
0.9966277771772741	0.9993160822720382	0.9993217021712065	0.9993107557347948	1.0
0.9966798176529338	0.999329795622163	0.9993345392387493	0.9993247175511053	1.0
0.9967310550348326	0.9993426751525281	0.9993473857517369	0.9993378089662495	1.0
0.9967815017163947	0.9993556728245642	0.9993601940308011	0.9993508300627689	1.0
0.996831169899783	0.9993686909479538	0.9993731855933422	0.9993638873684411	1.0
0.9968800715988607	0.9993816787057241	0.9993860186631419	0.9993769270654608	1.0
0.9969282186420884	0.9993940331037579	0.9993984029753015	0.9993895028124736	1.0
0.9969756226753892	0.999406660396358	0.9994108890207809	0.9994023724354824	1.0
0.9970222951649671	0.9994191884760157	0.9994234198614853	0.9994150609907293	1.0
0.9970682474000757	0.9994310593270207	0.9994349874831073	0.9994270669651755	1.0
0.9971134904957528	0.9994426471154677	0.9994466305801561	0.9994387840467784	1.0
0.9971580353955097	0.9994537535621186	0.9994578074126335	0.9994500819677338	1.0
0.9972018928739741	0.9994646646103252	0.9994687864971677	0.9994611028701887	1.0
0.9972450735394993	0.9994747596276052	0.9994789144139601	0.9994712733929325	1.0
0.9972875878367292	0.9994847835905258	0.9994888770832009	0.9994812880885052	1.0
0.9973294460491255	0.9994950890189169	0.9994991469368969	0.9994916984791404	1.0
0.9973706583014538	0.9995044852602326	0.9995084704546339	0.9995010740656417	1.0
0.9974112345622338	0.9995150358905034	0.9995190196235022	0.9995116762471635	1.0
0.99745118464615	0.9995242394075561	0.9995280517993045	0.9995210221107228	1.0
0.9974905182164256	0.999533858142508	0.9995376424793362	0.9995307429701725	1.0
0.9975292447871595	0.999542668768551	0.999546392412932	0.9995394461504524	1.0
0.9975673737256298	0.9995517235669615	0.9995554090813612	0.9995484215852874	1.0
0.9976049142545552	0.9995612387846793	0.9995648188997698	0.9995578964968764	1.0
0.9976418754543307	0.9995706727927998	0.999574255493696	0.9995673003542007	1.0
0.9976782662652198	0.9995792722298686	0.9995823022641197	0.9995758397604151	1.0
0.997714095489522	0.9995874857450081	0.9995903886561718	0.9995841390640215	1.0
0.9977493717936964	0.9995955771658384	0.9995984501229644	0.9995923162640021	1.0
0.9977841037104603	0.9996035953403059	0.9996062460834291	0.9996004782916261	1.0
0.9978182996408547	0.9996116334347637	0.9996141846989064	0.9996086655801922	1.0
0.9978519678562737	0.9996196220660304	0.999622168013901	0.9996167511010889	1.0
0.9978851165004665	0.999626975042578	0.9996294065261221	0.9996242264324771	1.0
0.9979177535915087	0.9996341352317506	0.9996365349678006	0.9996315029137984	1.0
0.9979498870237385	0.9996415418944589	0.9996439304219634	0.9996389915541466	1.0
0.9979815245696685	0.9996494370536994	0.9996516743227389	0.9996469396730671	1.0
0.9980126738818654	0.9996562522626699	0.9996583884946867	0.9996536030716225	1.0
0.9980433424947994	0.9996629044056954	0.9996650785866418	0.9996603193497512	1.0
0.9980735378266699	0.9996692603455939	0.9996714617031756	0.999666729130998	1.0
0.9981032671811965	0.9996756432910445	0.9996778779896077	0.9996730513239955	1.0
0.9981325377493879	0.9996824524104433	0.9996846164591721	0.9996798326997345	1.0
0.9981613566112802	0.9996888484316147	0.9996910578000776	0.9996863043661859	1.0
0.9981897307376496	0.9996951434607599	0.999697271129506	0.9996926745583413	1.0
0.9982176669916974	0.9997014114661036	0.9997031711962773	0.9996989104272743	1.0
0.9982451721307146	0.999707197204958	0.9997089917730705	0.9997047559722709	1.0
0.9982722528077094	0.999713036207203	0.9997148725782362	0.9997106140806291	1.0
0.9982989155730234	0.9997185617739739	0.9997203125258988	0.9997161486615717	1.0
0.9983251668759083	0.9997241758800671	0.9997258456168643	0.9997218668977697	1.0
0.9983510130660951	0.9997296563388283	0.9997313647245925	0.9997274097262349	1.0
0.9983764603953219	0.9997352500729628	0.999736957736166	0.999733112960004	1.0
0.9984015150188508	0.9997408251544032	0.9997425848560645	0.9997387630020845	1.0
0.998426182996955	0.9997456610437178	0.9997473900717398	0.9997435961090225	1.0
0.9984504702963847	0.9997514456251924	0.9997530760305008	0.9997493832401226	1.0
0.9984743827918109	0.999756232630434	0.99975784253497	0.9997542521401671	1.0
0.9984979262672461	0.999760751568	0.9997623764754585	0.9997588080022689	1.0
0.9985211064174425	0.9997659311962472	0.999767565439234	0.9997640236101516	1.0
0.9985439288492726	0.9997708608006322	0.9997724960954867	0.9997689812935182	1.0
0.9985663990830801	0.9997754130524579	0.9997769836005641	0.9997735016588584	1.0
0.9985885225540198	0.9997802615994642	0.9997818393543704	0.9997784218930665	1.0
0.9986103046133717	0.9997841433975401	0.9997857226345545	0.9997822918746916	1.0
0.9986317505298319	0.9997881805498012	0.9997897725754455	0.9997863301897408	1.0
0.9986528654907912	0.99979267384169	0.9997942192359861	0.9997908120231547	1.0
0.9986736546035878	0.9997966612732482	0.99979822429012	0.9997948696577331	1.0
0.9986941228967424	0.9998006199219367	0.9998022020131976	0.999798899149829	1.0
0.998714275321175	0.9998044223805106	0.9998059362505127	0.999802766353292	1.0
0.9987341167514041	0.999808434001072	0.9998098966216888	0.9998067587775991	1.0
0.9987536519867216	0.9998123805412759	0.9998137430067587	0.9998107573416025	1.0
0.998772885752359	0.9998158724289631	0.9998172452648318	0.9998142496459925	1.0
0.9987918227006249	0.999819782737385	0.9998211564945039	0.9998182412517596	1.0
0.9988104674120348	0.9998231831056266	0.9998245682542445	0.999821673482427	1.0
0.9988288243964171	0.9998266552664081	0.9998278810386997	0.9998252080717049	1.0
0.9988468980940034	0.9998301201782939	0.9998313366629004	0.999828650648379	1.0
0.9988646928765033	0.999833226290076	0.9998344495022765	0.9998317818783704	1.0
0.998882213048162	0.9998365579613558	0.9998377713251234	0.99983515310166	1.0
0.9988994628468018	0.9998396516368484	0.9998408097017233	0.9998382496610034	1.0
0.9989164464448448	0.9998426524993391	0.9998438203955116	0.9998412781411865	1.0
0.9989331679503255	0.9998456084098348	0.9998467860570407	0.9998442361350468	1.0
0.9989496314078823	0.9998488747406217	0.9998500520125603	0.9998475493113439	1.0
0.998965840799736	0.9998517666787021	0.9998529270610012	0.9998504911645351	1.0
0.9989818000466537	0.9998546409956797	0.9998558143532508	0.9998533959050647	1.0
0.9989975130088965	0.9998576703038546	0.9998587677965253	0.9998564423086609	1.0
0.999012983487155	0.9998605993399486	0.9998616601362071	0.9998594288526756	1.0
0.9990282152234637	0.999863566676319	0.9998645970332177	0.9998624572043114	1.0
0.9990432119021136	0.9998661413507252	0.9998670882552527	0.9998650736960876	1.0
0.9990579771505385	0.9998687859869874	0.9998697240811083	0.9998677468285941	1.0
0.9990725145401903	0.9998712367150704	0.9998721827440343	0.9998702178971385	1.0
0.9990868275874096	0.9998739680732941	0.999874851910115	0.9998729394591365	1.0
0.9991009197542706	0.999876438239031	0.9998773360800055	0.9998754531421591	1.0
0.9991147944494209	0.9998787840769197	0.999879668325795	0.9998778372885065	1.0
0.9991284550289056	0.9998810815315414	0.9998819252760965	0.999880155050737	1.0
0.9991419047969774	0.9998835243556533	0.9998843651400592	0.9998825842475796	1.0
0.9991551470069006	0.9998859732322091	0.9998867198302474	0.9998850819168661	1.0
0.9991681848617325	0.9998883311484175	0.9998890518916008	0.9998874850744602	1.0
0.9991810215151006	0.9998905154373665	0.9998912493213489	0.9998897066834853	1.0
0.9991936600719666	0.9998929955338822	0.9998937596988068	0.9998922072315851	1.0
0.9992061035893741	0.999895265157243	0.9998960303319745	0.9998944413164322	1.0
0.999218355077193	0.9998972870335887	0.9998980423722189	0.9998964827828903	1.0
0.999230417498841	0.9998993278296409	0.9999000954970425	0.9998985082773968	1.0
0.9992422937720068	0.9999014018483703	0.9999021850604134	0.9999006223348982	1.0
0.9992539867693525	0.9999033321701557	0.9999041063745926	0.9999025562556131	1.0
0.9992654993192079	0.9999053597587879	0.9999061321231391	0.999904624018295	1.0
0.9992768342062576	0.9999072491689172	0.9999080321884118	0.9999065185305107	1.0
0.9992879941722104	0.9999089489598054	0.999909734024661	0.999908243725678	1.0
0.9992989819164663	0.9999107532189374	0.9999115299628577	0.9999100521252416	1.0
0.9993098000967677	0.9999124215522512	0.9999131847338746	0.9999117194632318	1.0
0.9993204513298423	0.9999140534721936	0.9999148030522362	0.9999133649162351	1.0
0.9993309381920362	0.9999158795897065	0.9999166081016084	0.9999152279639384	1.0
0.9993412632199362	0.9999175109483115	0.999918245754805	0.9999168752619626	1.0
0.9993514289109873	0.9999192251685999	0.9999199718587025	0.9999185973523115	1.0
0.9993614377240891	0.999921046961288	0.9999217295993115	0.9999204479271468	1.0
0.9993712920801986	0.9999225901256091	0.9999232643890832	0.9999220174280973	1.0
0.9993809943629122	0.9999241583864087	0.9999248272553437	0.9999236141933464	1.0
0.9993905469190395	0.9999256910673597	0.9999263686819106	0.9999251509312534	1.0
0.9993999520591783	0.9999272228322434	0.9999278960917208	0.9999266884073337	1.0
0.9994092120582646	0.9999286147595361	0.9999292917777781	0.9999280925578031	1.0
0.9994183291561317	0.9999299412882081	0.9999306060101162	0.9999294289979188	1.0
0.9994273055580433	0.9999313014068093	0.9999318984491855	0.9999307901459241	1.0
0.9994361434352331	0.9999327307556705	0.9999333250129006	0.9999322372337734	1.0
0.9994448449254303	0.9999340919914053	0.9999346940848473	0.9999336230924352	1.0
0.9994534121333712	0.9999353317451289	0.9999359237010633	0.9999348725418438	1.0
0.9994618471313131	0.9999365197360117	0.9999370854278199	0.9999360776204592	1.0
0.9994701519595338	0.999937736137771	0.9999382935033477	0.9999373133064663	1.0
0.999478328626825	0.999938876693012	0.9999394349148032	0.999938461035114	1.0
0.9994863791109786	0.9999400582228122	0.9999406203705377	0.9999396424982878	1.0
0.999494305359266	0.999941182062501	0.9999417207601703	0.9999407747632513	1.0
0.999502109288907	0.9999424081341364	0.9999429305979234	0.9999420238776014	1.0
0.9995097927875349	0.9999434808615678	0.9999439939770149	0.9999431122172371	1.0
0.9995173577136531	0.9999444992874919	0.9999450121801222	0.9999441440277481	1.0
0.9995248058970848	0.9999455556639519	0.9999460711617821	0.9999452164068213	1.0
0.9995321391394135	0.9999466359434599	0.9999471456871948	0.999946309790621	1.0
0.9995393592144225	0.9999476357490302	0.9999481243723715	0.9999473162456536	1.0
0.999546467868521	0.9999486195832171	0.9999490999014429	0.9999483022910856	1.0
0.9995534668211675	0.9999496896519389	0.999950155521778	0.9999493888431764	1.0
0.9995603577652851	0.9999507031568505	0.9999511743168483	0.9999504035325785	1.0
0.9995671423676725	0.9999516940543701	0.9999521700562105	0.9999514040835917	1.0
0.9995738222694058	0.9999527047185772	0.9999531373238295	0.9999524262286625	1.0
0.9995803990862363	0.999953611112972	0.9999540373152186	0.9999533393884805	1.0
